Rank,Host/device,Type,Operation,#Occurrences,Total time (us),Avg. time (us),Total self-time (us),Avg. self-time (us),Total self-time on Device (%),Cumulative total-self time on Device (%),Total self-time on Host (%),Cumulative total-self time on Host (%)
1,Device,IDLE,IDLE,0,2046200.11,0.0,2046200.11,0.0,0.6621126413657049,0.6621126413657049,0.0,0.0
2,Device,Conv2DBackpropFilter,gradient_tape/model/resnet50/conv5_block3_2_conv/Conv2D/Conv2DBackpropFilter,10,16686.73,1668.673,16686.73,1668.673,0.005399518269039849,0.6675121596347448,0.0,0.0
3,Device,Conv2DBackpropFilter,gradient_tape/model/resnet50/conv5_block2_2_conv/Conv2D/Conv2DBackpropFilter,10,16628.267,1662.8267,16628.267,1662.8267,0.005380600719791862,0.6728927603545366,0.0,0.0
4,Device,Conv2DBackpropFilter,gradient_tape/model/resnet50/conv5_block1_2_conv/Conv2D/Conv2DBackpropFilter,10,16542.472,1654.2472000000002,16542.472,1654.2472000000002,0.005352839039109531,0.6782455993936461,0.0,0.0
5,Device,Conv2DBackpropInput,gradient_tape/model/resnet50/conv5_block1_0_conv/Conv2D/Conv2DBackpropInput,5,14592.779,2918.5558,14592.779,2918.5558,0.004721954319783508,0.6829675537134297,0.0,0.0
6,Device,Conv2D,model/resnet50/conv5_block1_0_conv/Conv2D,5,13949.044,2789.8088,13949.044,2789.8088,0.004513653538688568,0.6874812072521183,0.0,0.0
7,Device,Conv2DBackpropInput,gradient_tape/model/resnet50/conv5_block2_2_conv/Conv2D/Conv2DBackpropInput,10,13112.574,1311.2574,13112.574,1311.2574,0.004242987263959861,0.6917241945160781,0.0,0.0
8,Device,Conv2D,model/resnet50/conv5_block2_2_conv/Conv2D,10,12995.319,1299.5319,12995.319,1299.5319,0.004205045707127799,0.6959292402232059,0.0,0.0
9,Device,Conv2D,model/resnet50/conv5_block1_2_conv/Conv2D,10,12968.054,1296.8054,12968.054,1296.8054,0.004196223255658556,0.7001254634788645,0.0,0.0
10,Device,Conv2D,model/resnet50/conv5_block3_2_conv/Conv2D,10,12957.529,1295.7529,12957.529,1295.7529,0.004192817559648514,0.704318281038513,0.0,0.0
11,Device,Conv2DBackpropInput,gradient_tape/model/resnet50/conv5_block1_2_conv/Conv2D/Conv2DBackpropInput,10,11555.723,1155.5723,11555.723,1155.5723,0.003739218975225462,0.7080575000137385,0.0,0.0
12,Device,Conv2DBackpropInput,gradient_tape/model/resnet50/conv5_block3_2_conv/Conv2D/Conv2DBackpropInput,10,11486.086,1148.6086,11486.086,1148.6086,0.0037166857255293783,0.7117741857392679,0.0,0.0
13,Device,Conv2DBackpropFilter,gradient_tape/model/resnet50/conv1_conv/Conv2D/Conv2DBackpropFilter,10,10093.851,1009.3851000000001,10093.851,1009.3851000000001,0.0032661841402998764,0.7150403698795678,0.0,0.0
14,Device,FusedBatchNormGradV3,gradient_tape/model/resnet50/conv2_block2_3_bn/FusedBatchNormGradV3,10,9707.537,970.7537,9707.537,970.7537,0.0031411800501884007,0.7181815499297561,0.0,0.0
15,Device,Conv2DBackpropInput,gradient_tape/model/resnet50/conv4_block1_0_conv/Conv2D/Conv2DBackpropInput,10,9140.83,914.083,9140.83,914.083,0.0029578041101634366,0.7211393540399196,0.0,0.0
16,Device,Conv2D,model/resnet50/conv4_block1_0_conv/Conv2D,5,8798.035,1759.607,8798.035,1759.607,0.002846881966338043,0.7239862360062577,0.0,0.0
17,Device,Conv2D,model/resnet50/conv1_conv/Conv2D,5,8327.813,1665.5626,8327.813,1665.5626,0.002694726793964279,0.726680962800222,0.0,0.0
18,Device,FusedBatchNormGradV3,gradient_tape/model/resnet50/conv2_block3_3_bn/FusedBatchNormGradV3,10,7483.434,748.3434,7483.434,748.3434,0.0024215013126091187,0.7291024641128311,0.0,0.0
19,Device,FusedBatchNormGradV3,gradient_tape/model/resnet50/conv2_block1_0_bn/FusedBatchNormGradV3,10,7479.882,747.9882,7479.882,747.9882,0.0024203519508772735,0.7315228160637084,0.0,0.0
20,Device,Conv2D,model/resnet50/conv3_block1_0_conv/Conv2D,5,7460.809,1492.1618,7460.809,1492.1618,0.002414180279618411,0.7339369963433268,0.0,0.0
21,Device,FusedBatchNormGradV3,gradient_tape/model/resnet50/conv2_block1_3_bn/FusedBatchNormGradV3,10,7450.7,745.0699999999999,7450.7,745.0699999999999,0.002410909193540928,0.7363479055368677,0.0,0.0
22,Device,FusedBatchNormGradV3,gradient_tape/model/resnet50/conv1_bn/FusedBatchNormGradV3,10,7393.672,739.3671999999999,7393.672,739.3671999999999,0.0023924559838439524,0.7387403615207117,0.0,0.0
23,Device,MaxPoolGrad,gradient_tape/model/resnet50/pool1_pool/MaxPool/MaxPoolGrad,5,7385.032,1477.0064,7385.032,1477.0064,0.002389660239090816,0.7411300217598025,0.0,0.0
24,Device,Conv2DBackpropInput,gradient_tape/model/resnet50/conv3_block1_0_conv/Conv2D/Conv2DBackpropInput,10,6847.384,684.7384,6847.384,684.7384,0.002215687255869254,0.7433457090156718,0.0,0.0
25,Device,Conv2D,model/resnet50/conv5_block1_1_conv/Conv2D,5,5982.333,1196.4666,5982.333,1196.4666,0.0019357726963269595,0.7452814817119987,0.0,0.0
26,Device,Conv2D,model/resnet50/conv4_block1_2_conv/Conv2D,10,5957.723,595.7723,5957.723,595.7723,0.001927809353922482,0.7472092910659212,0.0,0.0
27,Device,Conv2D,model/resnet50/conv4_block6_2_conv/Conv2D,10,5884.953,588.4953,5884.953,588.4953,0.001904262323171818,0.749113553389093,0.0,0.0
28,Device,ReluGrad,gradient_tape/model/resnet50/conv1_relu/ReluGrad,5,5779.925,1155.9850000000001,5779.925,1155.9850000000001,0.0018702771981796405,0.7509838305872727,0.0,0.0
29,Device,Conv2D,model/resnet50/conv5_block2_3_conv/Conv2D,5,5636.691,1127.3382,5636.691,1127.3382,0.0018239293157756192,0.7528077599030483,0.0,0.0
30,Device,Conv2DBackpropFilter,gradient_tape/model/resnet50/conv5_block1_0_conv/Conv2D/Conv2DBackpropFilter,10,5478.508,547.8507999999999,5478.508,547.8507999999999,0.0017727442125018483,0.7545805041155501,0.0,0.0
31,Device,Conv2DBackpropFilter,gradient_tape/model/resnet50/conv3_block1_0_conv/Conv2D/Conv2DBackpropFilter,10,5251.205,525.1205,5251.205,525.1205,0.001699193151202986,0.7562796972667531,0.0,0.0
32,Device,Conv2DBackpropFilter,gradient_tape/model/resnet50/conv4_block2_2_conv/Conv2D/Conv2DBackpropFilter,10,5129.857,512.9857,5129.857,512.9857,0.0016599271750104396,0.7579396244417635,0.0,0.0
33,Device,Conv2DBackpropFilter,gradient_tape/model/resnet50/conv4_block5_2_conv/Conv2D/Conv2DBackpropFilter,10,5033.76,503.37600000000003,5033.76,503.37600000000003,0.0016288319570078758,0.7595684563987715,0.0,0.0
34,Device,Conv2DBackpropFilter,gradient_tape/model/resnet50/conv4_block1_2_conv/Conv2D/Conv2DBackpropFilter,10,5026.109,502.6109,5026.109,502.6109,0.0016263562344261343,0.7611948126331975,0.0,0.0
35,Device,Conv2DBackpropInput,gradient_tape/model/resnet50/conv3_block3_2_conv/Conv2D/Conv2DBackpropInput,10,5012.158,501.21580000000006,5012.158,501.21580000000006,0.0016218419479618975,0.7628166545811594,0.0,0.0
36,Device,Conv2DBackpropFilter,gradient_tape/model/resnet50/conv4_block3_2_conv/Conv2D/Conv2DBackpropFilter,10,4946.746,494.6746,4946.746,494.6746,0.0016006758303933604,0.7644173304115528,0.0,0.0
37,Device,Conv2D,model/resnet50/conv5_block3_3_conv/Conv2D,5,4620.339,924.0678,4620.339,924.0678,0.0014950565413150035,0.7659123869528678,0.0,0.0
38,Device,Conv2DBackpropInput,gradient_tape/model/resnet50/conv5_block2_3_conv/Conv2D/Conv2DBackpropInput,5,4559.472,911.8943999999999,4559.472,911.8943999999999,0.0014753611019759807,0.7673877480548438,0.0,0.0
39,Device,Conv2DBackpropFilter,gradient_tape/model/resnet50/conv4_block6_2_conv/Conv2D/Conv2DBackpropFilter,10,4512.75,451.275,4512.75,451.275,0.0014602427239255133,0.7688479907787693,0.0,0.0
40,Device,Conv2DBackpropInput,gradient_tape/model/resnet50/conv2_block2_2_conv/Conv2D/Conv2DBackpropInput,10,4498.604,449.8604,4498.604,449.8604,0.0014556653390553898,0.7703036561178247,0.0,0.0
41,Device,Conv2DBackpropFilter,gradient_tape/model/resnet50/conv4_block1_0_conv/Conv2D/Conv2DBackpropFilter,10,4481.965,448.1965,4481.965,448.1965,0.0014502812653346216,0.7717539373831593,0.0,0.0
42,Device,Conv2DBackpropFilter,gradient_tape/model/resnet50/conv4_block4_2_conv/Conv2D/Conv2DBackpropFilter,10,4436.333,443.63329999999996,4436.333,443.63329999999996,0.0014355155911939823,0.7731894529743534,0.0,0.0
43,Device,Conv2DBackpropInput,gradient_tape/model/resnet50/conv5_block1_1_conv/Conv2D/Conv2DBackpropInput,5,4418.345,883.6690000000001,4418.345,883.6690000000001,0.0014296950059371053,0.7746191479802905,0.0,0.0
44,Device,Conv2DBackpropInput,gradient_tape/model/resnet50/conv3_block1_1_conv/Conv2D/Conv2DBackpropInput,10,4300.806,430.08059999999995,4300.806,430.08059999999995,0.001391661551939547,0.7760108095322301,0.0,0.0
45,Device,Slice,gradient_tape/model/resnet50/pool1_pad/Slice_1,5,4242.278,848.4556,4242.278,848.4556,0.001372722969889597,0.7773835325021197,0.0,0.0
46,Device,Conv2D,model/resnet50/conv4_block5_2_conv/Conv2D,10,4119.907,411.9907,4119.907,411.9907,0.0013331259697523217,0.778716658471872,0.0,0.0
47,Device,Conv2D,model/resnet50/conv4_block4_2_conv/Conv2D,10,4100.126,410.0126,4100.126,410.0126,0.001326725202742855,0.7800433836746149,0.0,0.0
48,Device,Conv2D,model/resnet50/conv4_block2_2_conv/Conv2D,10,4095.843,409.5843,4095.843,409.5843,0.0013253393028843268,0.7813687229774993,0.0,0.0
49,Device,Conv2D,model/resnet50/conv4_block3_2_conv/Conv2D,10,4094.08,409.408,4094.08,409.408,0.0013247688285787968,0.7826934918060781,0.0,0.0
50,Device,Conv2DBackpropInput,gradient_tape/model/resnet50/conv4_block5_2_conv/Conv2D/Conv2DBackpropInput,10,4043.486,404.3486,4043.486,404.3486,0.001308397542694516,0.7840018893487726,0.0,0.0
51,Device,Conv2DBackpropInput,gradient_tape/model/resnet50/conv4_block6_2_conv/Conv2D/Conv2DBackpropInput,10,4036.831,403.6831,4036.831,403.6831,0.0013062441073551502,0.7853081334561277,0.0,0.0
52,Device,Conv2DBackpropInput,gradient_tape/model/resnet50/conv4_block3_2_conv/Conv2D/Conv2DBackpropInput,10,4035.647,403.5647,4035.647,403.5647,0.0013058609867778685,0.7866139944429056,0.0,0.0
53,Device,Conv2DBackpropInput,gradient_tape/model/resnet50/conv4_block1_2_conv/Conv2D/Conv2DBackpropInput,10,4031.742,403.17420000000004,4031.742,403.17420000000004,0.00130459740075229,0.7879185918436579,0.0,0.0
54,Device,Conv2DBackpropInput,gradient_tape/model/resnet50/conv4_block4_2_conv/Conv2D/Conv2DBackpropInput,10,4026.305,402.6305,4026.305,402.6305,0.0013028380877635397,0.7892214299314214,0.0,0.0
55,Device,Conv2DBackpropInput,gradient_tape/model/resnet50/conv4_block2_2_conv/Conv2D/Conv2DBackpropInput,10,4018.527,401.8527,4018.527,401.8527,0.0013003212703225795,0.790521751201744,0.0,0.0
56,Device,Conv2DBackpropInput,gradient_tape/model/resnet50/conv5_block2_1_conv/Conv2D/Conv2DBackpropInput,5,3984.573,796.9146,3984.573,796.9146,0.0012893343817406357,0.7918110855834846,0.0,0.0
57,Device,Conv2DBackpropInput,gradient_tape/model/resnet50/conv5_block3_1_conv/Conv2D/Conv2DBackpropInput,5,3979.485,795.897,3979.485,795.897,0.0012876879987193445,0.7930987735822039,0.0,0.0
58,Device,FusedBatchNormGradV3,gradient_tape/model/resnet50/conv3_block3_3_bn/FusedBatchNormGradV3,10,3909.66,390.966,3909.66,390.966,0.0012650939156883545,0.7943638674978923,0.0,0.0
59,Device,FusedBatchNormGradV3,gradient_tape/model/resnet50/conv3_block1_0_bn/FusedBatchNormGradV3,10,3906.205,390.6205,3906.205,390.6205,0.0012639759413686686,0.795627843439261,0.0,0.0
60,Device,FusedBatchNormGradV3,gradient_tape/model/resnet50/conv3_block2_3_bn/FusedBatchNormGradV3,10,3896.762,389.6762,3896.762,389.6762,0.0012609203606159063,0.7968887637998768,0.0,0.0
61,Device,ReluGrad,gradient_tape/model/resnet50/conv2_block2_out/ReluGrad,5,3892.73,778.546,3892.73,778.546,0.0012596156797311092,0.7981483794796079,0.0,0.0
62,Device,ReluGrad,gradient_tape/model/resnet50/conv2_block3_out/ReluGrad,5,3885.049,777.0098,3885.049,777.0098,0.0012571302497023083,0.7994055097293102,0.0,0.0
63,Device,Conv2D,model/resnet50/conv5_block1_3_conv/Conv2D,5,3877.69,775.538,3877.69,775.538,0.0012547490129386125,0.8006602587422489,0.0,0.0
64,Device,ReluGrad,gradient_tape/model/resnet50/conv2_block1_out/ReluGrad,5,3873.849,774.7698,3873.849,774.7698,0.0012535061361334276,0.8019137648783823,0.0,0.0
65,Device,FusedBatchNormGradV3,gradient_tape/model/resnet50/conv3_block4_3_bn/FusedBatchNormGradV3,10,3873.627,387.3627,3873.627,387.3627,0.0012534343010251873,0.8031671991794075,0.0,0.0
66,Device,FusedBatchNormGradV3,gradient_tape/model/resnet50/conv3_block1_3_bn/FusedBatchNormGradV3,10,3868.346,386.8346,3868.346,386.8346,0.0012517254667611464,0.8044189246461686,0.0,0.0
67,Device,Transpose,gradient_tape/model/resnet50/conv1_conv/BiasAdd/BiasAddGrad-0-TransposeNHWCToNCHW-LayoutOptimizer,5,3855.449,771.0898,3855.449,771.0898,0.0012475522352702667,0.8056664768814389,0.0,0.0
68,Device,Pad,model/resnet50/pool1_pad/Pad,5,3808.663,761.7326,3808.663,761.7326,0.0012324131479994054,0.8068988900294383,0.0,0.0
69,Device,Conv2D,model/resnet50/conv4_block3_1_conv/Conv2D,5,3742.134,748.4268,3742.134,748.4268,0.0012108855898186864,0.8081097756192569,0.0,0.0
70,Device,Conv2DBackpropInput,gradient_tape/model/resnet50/conv5_block3_3_conv/Conv2D/Conv2DBackpropInput,5,3662.548,732.5096,3662.548,732.5096,0.0011851330270961032,0.809294908646353,0.0,0.0
71,Device,Relu,model/resnet50/conv2_block2_out/Relu,5,3655.923,731.1845999999999,3655.923,731.1845999999999,0.0011829892992037967,0.8104778979455568,0.0,0.0
72,Device,Conv2DBackpropFilter,gradient_tape/model/resnet50/conv2_block3_2_conv/Conv2D/Conv2DBackpropFilter,10,3650.546,365.0546,3650.546,365.0546,0.0011812494011091655,0.811659147346666,0.0,0.0
73,Device,Conv2DBackpropFilter,gradient_tape/model/resnet50/conv2_block2_2_conv/Conv2D/Conv2DBackpropFilter,10,3639.668,363.96680000000003,3639.668,363.96680000000003,0.0011777294808053903,0.8128368768274714,0.0,0.0
74,Device,Conv2DBackpropInput,gradient_tape/model/resnet50/conv5_block1_3_conv/Conv2D/Conv2DBackpropInput,5,3634.675,726.9350000000001,3634.675,726.9350000000001,0.0011761138380331207,0.8140129906655045,0.0,0.0
75,Device,Conv2DBackpropFilter,gradient_tape/model/resnet50/conv2_block1_2_conv/Conv2D/Conv2DBackpropFilter,10,3623.891,362.3891,3623.891,362.3891,0.0011726243343967984,0.8151856149999013,0.0,0.0
76,Device,BiasAdd,model/resnet50/conv2_block2_3_conv/BiasAdd,5,3621.458,724.2916,3621.458,724.2916,0.0011718370604402728,0.8163574520603416,0.0,0.0
77,Device,Conv2D,model/resnet50/conv5_block2_1_conv/Conv2D,5,3475.757,695.1514,3475.757,695.1514,0.001124690902306392,0.817482142962648,0.0,0.0
78,Device,Conv2DBackpropInput,gradient_tape/model/resnet50/conv4_block1_1_conv/Conv2D/Conv2DBackpropInput,10,3469.806,346.9806,3469.806,346.9806,0.0011227652683913555,0.8186049082310394,0.0,0.0
79,Device,Conv2D,model/resnet50/conv5_block3_1_conv/Conv2D,5,3427.34,685.4680000000001,3427.34,685.4680000000001,0.0011090240534970626,0.8197139322845365,0.0,0.0
80,Device,AddV2,model/resnet50/conv3_block3_add/add,5,3275.334,655.0668,3275.334,655.0668,0.0010598377135728428,0.8207737699981094,0.0,0.0
81,Device,BiasAddGrad,gradient_tape/model/resnet50/conv2_block1_0_conv/BiasAdd/BiasAddGrad,5,3265.351,653.0702,3265.351,653.0702,0.0010566073987730096,0.8218303773968824,0.0,0.0
82,Device,BiasAddGrad,gradient_tape/model/resnet50/conv2_block1_3_conv/BiasAdd/BiasAddGrad,5,3264.264,652.8528,3264.264,652.8528,0.001056255665607887,0.8228866330624902,0.0,0.0
83,Device,Transpose,gradient_tape/model/resnet50/conv2_block3_3_conv/Conv2D/Conv2DBackpropFilter-2-TransposeNHWCToNCHW-LayoutOptimizer,5,3255.334,651.0668,3255.334,651.0668,0.0010533660821998418,0.8239399991446901,0.0,0.0
84,Device,BiasAddGrad,gradient_tape/model/resnet50/conv2_block3_3_conv/BiasAdd/BiasAddGrad,5,3248.646,649.7292,3248.646,649.7292,0.0010512019686687104,0.8249912011133588,0.0,0.0
85,Device,BiasAddGrad,gradient_tape/model/resnet50/conv2_block2_3_conv/BiasAdd/BiasAddGrad,5,3240.869,648.1738,3240.869,648.1738,0.001048685474809319,0.8260398865881681,0.0,0.0
86,Device,ImageProjectiveTransformV3,model/sequential/random_rotation/loop_body/transform/ImageProjectiveTransformV3/pfor/while/body/_193/model/sequential/random_rotation/loop_body/transform/ImageProjectiveTransformV3/pfor/while/ImageProjectiveTransformV3,20,3204.323,160.21615,3204.323,160.21615,0.0010368598628014342,0.8270767464509695,0.0,0.0
87,Device,Conv2D,model/resnet50/conv4_block1_1_conv/Conv2D,5,3131.587,626.3174,3131.587,626.3174,0.0010133238338241042,0.8280900702847936,0.0,0.0
88,Device,AddV2,model/resnet50/conv2_block1_add/add,5,3095.488,619.0975999999999,3095.488,619.0975999999999,0.001001642862777406,0.829091713147571,0.0,0.0
89,Device,AddV2,model/resnet50/conv2_block2_add/add,5,3092.96,618.592,3092.96,618.592,0.0010008248485718588,0.8300925379961429,0.0,0.0
90,Device,AddN,AddN_13,5,3071.808,614.3616,3071.808,614.3616,0.0009939804512317729,0.8310865184473747,0.0,0.0
91,Device,AddV2,model/resnet50/conv2_block3_add/add,5,3067.906,613.5812,3067.906,613.5812,0.0009927178359509002,0.8320792362833256,0.0,0.0
92,Device,AddN,AddN_12,5,3058.913,611.7826,3058.913,611.7826,0.0009898078669040304,0.8330690441502296,0.0,0.0
93,Device,AddN,AddN_14,5,3054.753,610.9506,3054.753,610.9506,0.0009884617675784463,0.8340575059178081,0.0,0.0
94,Device,BiasAdd,model/resnet50/conv3_block4_3_conv/BiasAdd,5,3049.696,609.9392,3049.696,609.9392,0.000986825415585783,0.835044331333394,0.0,0.0
95,Device,Conv2DBackpropFilter,gradient_tape/model/resnet50/conv3_block3_2_conv/Conv2D/Conv2DBackpropFilter,10,3038.433,303.8433,3038.433,303.8433,0.0009831809163780775,0.836027512249772,0.0,0.0
96,Device,Conv2DBackpropFilter,gradient_tape/model/resnet50/conv3_block4_2_conv/Conv2D/Conv2DBackpropFilter,10,3030.113,303.0113,3030.113,303.0113,0.000980488717726909,0.8370080009674989,0.0,0.0
97,Device,Conv2DBackpropFilter,gradient_tape/model/resnet50/conv3_block2_2_conv/Conv2D/Conv2DBackpropFilter,10,3029.184,302.9184,3029.184,302.9184,0.0009801881104496333,0.8379881890779486,0.0,0.0
98,Device,Conv2DBackpropFilter,gradient_tape/model/resnet50/conv3_block1_2_conv/Conv2D/Conv2DBackpropFilter,10,3026.625,302.6625,3026.625,302.6625,0.0009793600652154577,0.8389675491431641,0.0,0.0
99,Device,Conv2D,model/resnet50/conv2_block1_2_conv/Conv2D,10,2960.636,296.0636,2960.636,296.0636,0.0009580072410818094,0.8399255563842459,0.0,0.0
100,Device,Conv2DBackpropFilter,gradient_tape/model/resnet50/conv5_block3_1_conv/Conv2D/Conv2DBackpropFilter,10,2939.199,293.9199,2939.199,293.9199,0.0009510706229946584,0.8408766270072406,0.0,0.0
101,Device,Conv2D,model/resnet50/conv2_block3_2_conv/Conv2D,10,2936.313,293.6313,2936.313,293.6313,0.0009501367665875344,0.8418267637738281,0.0,0.0
102,Device,Conv2DBackpropInput,gradient_tape/model/resnet50/conv2_block1_2_conv/Conv2D/Conv2DBackpropInput,10,2935.87,293.587,2935.87,293.587,0.0009499934199526224,0.8427767571937808,0.0,0.0
103,Device,Conv2D,model/resnet50/conv2_block2_2_conv/Conv2D,10,2934.042,293.4042,2934.042,293.4042,0.00094940191284513,0.8437261591066259,0.0,0.0
104,Device,Conv2DBackpropInput,gradient_tape/model/resnet50/conv2_block3_2_conv/Conv2D/Conv2DBackpropInput,10,2927.068,292.70680000000004,2927.068,292.70680000000004,0.0009471452549853647,0.8446733043616113,0.0,0.0
105,Device,Conv2DBackpropFilter,gradient_tape/model/resnet50/conv5_block2_1_conv/Conv2D/Conv2DBackpropFilter,10,2923.806,292.3806,2923.806,292.3806,0.0009460897319084282,0.8456193940935197,0.0,0.0
106,Device,Transpose,model/resnet50/conv3_block1_3_conv/BiasAdd-0-0-TransposeNCHWToNHWC-LayoutOptimizer,5,2916.987,583.3974000000001,2916.987,583.3974000000001,0.0009438832291918035,0.8465632773227115,0.0,0.0
107,Device,Conv2DBackpropFilter,gradient_tape/model/resnet50/conv3_block1_1_conv/Conv2D/Conv2DBackpropFilter,5,2829.656,565.9312,2829.656,565.9312,0.000915624527220026,0.8474789018499316,0.0,0.0
108,Device,Conv2DBackpropFilter,gradient_tape/model/resnet50/conv5_block3_3_conv/Conv2D/Conv2DBackpropFilter,10,2801.911,280.1911,2801.911,280.1911,0.0009066467565978303,0.8483855486065294,0.0,0.0
109,Device,Conv2DBackpropFilter,gradient_tape/model/resnet50/conv5_block2_3_conv/Conv2D/Conv2DBackpropFilter,10,2792.792,279.2792,2792.792,279.2792,0.0009036960162733104,0.8492892446228026,0.0,0.0
110,Device,Conv2DBackpropFilter,gradient_tape/model/resnet50/conv5_block1_3_conv/Conv2D/Conv2DBackpropFilter,10,2773.305,277.3305,2773.305,277.3305,0.0008973903822450269,0.8501866350050477,0.0,0.0
111,Device,Conv2DBackpropInput,gradient_tape/model/resnet50/conv3_block4_2_conv/Conv2D/Conv2DBackpropInput,10,2719.031,271.9031,2719.031,271.9031,0.0008798283161881141,0.8510664633212358,0.0,0.0
112,Device,Conv2DBackpropInput,gradient_tape/model/resnet50/conv3_block1_2_conv/Conv2D/Conv2DBackpropInput,10,2718.739,271.8739,2718.739,271.8739,0.0008797338303700683,0.8519461971516059,0.0,0.0
113,Device,Conv2DBackpropInput,gradient_tape/model/resnet50/conv3_block2_2_conv/Conv2D/Conv2DBackpropInput,10,2708.374,270.8374,2708.374,270.8374,0.0008763799074110105,0.8528225770590169,0.0,0.0
114,Device,Conv2D,model/resnet50/conv3_block1_2_conv/Conv2D,10,2672.084,267.2084,2672.084,267.2084,0.0008646371322847003,0.8536872141913016,0.0,0.0
115,Device,Conv2DBackpropInput,gradient_tape/model/resnet50/conv3_block2_3_conv/Conv2D/Conv2DBackpropInput,5,2659.988,531.9975999999999,2659.988,531.9975999999999,0.0008607230896303092,0.8545479372809318,0.0,0.0
116,Device,Conv2D,model/resnet50/conv3_block2_2_conv/Conv2D,10,2637.777,263.7777,2637.777,263.7777,0.000853536019409023,0.8554014733003409,0.0,0.0
117,Device,Conv2D,model/resnet50/conv3_block4_2_conv/Conv2D,10,2632.721,263.2721,2632.721,263.2721,0.0008518999909979284,0.8562533732913388,0.0,0.0
118,Device,Conv2D,model/resnet50/conv3_block3_2_conv/Conv2D,10,2628.339,262.83389999999997,2628.339,262.83389999999997,0.0008504820565641038,0.8571038553479029,0.0,0.0
119,Device,Conv2DBackpropFilter,gradient_tape/model/resnet50/conv3_block3_3_conv/Conv2D/Conv2DBackpropFilter,5,2530.64,506.128,2530.64,506.128,0.0008188684608885626,0.8579227238087914,0.0,0.0
120,Device,FusedBatchNormV3,model/resnet50/conv4_block3_3_bn/FusedBatchNormV3,5,2530.031,506.0062,2530.031,506.0062,0.0008186713997132547,0.8587413952085047,0.0,0.0
121,Device,FusedBatchNormV3,model/resnet50/conv2_block3_3_bn/FusedBatchNormV3,5,2520.045,504.009,2520.045,504.009,0.0008154401141687153,0.8595568353226734,0.0,0.0
122,Device,BiasAdd,model/resnet50/conv2_block3_3_conv/BiasAdd,5,2519.63,503.92600000000004,2519.63,503.92600000000004,0.0008153058278177256,0.8603721411504911,0.0,0.0
123,Device,FusedBatchNormV3,model/resnet50/conv2_block1_0_bn/FusedBatchNormV3,5,2518.416,503.68320000000006,2518.416,503.68320000000006,0.0008149129997933845,0.8611870541502845,0.0,0.0
124,Device,BiasAdd,model/resnet50/conv2_block1_0_conv/BiasAdd,5,2516.112,503.2224,2516.112,503.2224,0.0008141674678592147,0.8620012216181437,0.0,0.0
125,Device,BiasAdd,model/resnet50/conv2_block1_3_conv/BiasAdd,5,2512.943,502.58860000000004,2512.943,502.58860000000004,0.0008131420378681627,0.8628143636560119,0.0,0.0
126,Device,FusedBatchNormV3,model/resnet50/conv2_block2_3_bn/FusedBatchNormV3,5,2512.464,502.4928,2512.464,502.4928,0.0008129870422967793,0.8636273506983088,0.0,0.0
127,Device,FusedBatchNormV3,model/resnet50/conv2_block1_3_bn/FusedBatchNormV3,5,2507.888,501.57759999999996,2507.888,501.57759999999996,0.0008115063330386366,0.8644388570313474,0.0,0.0
128,Device,BiasAdd,model/resnet50/conv1_conv/BiasAdd,5,2497.487,499.4974,2497.487,499.4974,0.0008081407611431075,0.8652469977924905,0.0,0.0
129,Device,BiasAdd,model/resnet50/conv4_block4_3_conv/BiasAdd,5,2435.631,487.1262,2435.631,487.1262,0.00078812529963269,0.8660351230921232,0.0,0.0
130,Device,Conv2DBackpropFilter,gradient_tape/model/resnet50/conv4_block6_3_conv/Conv2D/Conv2DBackpropFilter,5,2400.012,480.0024,2400.012,480.0024,0.000776599647738944,0.8668117227398621,0.0,0.0
131,Device,Conv2DBackpropFilter,gradient_tape/model/resnet50/conv4_block3_3_conv/Conv2D/Conv2DBackpropFilter,5,2397.864,479.57280000000003,2397.864,479.57280000000003,0.0007759045945294836,0.8675876273343915,0.0,0.0
132,Device,Conv2DBackpropFilter,gradient_tape/model/resnet50/conv4_block5_3_conv/Conv2D/Conv2DBackpropFilter,5,2389.868,477.9736,2389.868,477.9736,0.0007733172363065577,0.8683609445706981,0.0,0.0
133,Device,Conv2DBackpropFilter,gradient_tape/model/resnet50/conv4_block1_3_conv/Conv2D/Conv2DBackpropFilter,5,2388.108,477.62160000000006,2388.108,477.62160000000006,0.0007727477327457337,0.8691336923034438,0.0,0.0
134,Device,Conv2DBackpropFilter,gradient_tape/model/resnet50/conv4_block4_3_conv/Conv2D/Conv2DBackpropFilter,5,2387.051,477.4102,2387.051,477.4102,0.0007724057070276706,0.8699060980104715,0.0,0.0
135,Device,Conv2DBackpropFilter,gradient_tape/model/resnet50/conv4_block2_3_conv/Conv2D/Conv2DBackpropFilter,5,2382.637,476.52740000000006,2382.637,476.52740000000006,0.0007709774179836493,0.8706770754284551,0.0,0.0
136,Device,Conv2DBackpropFilter,gradient_tape/model/resnet50/conv4_block1_1_conv/Conv2D/Conv2DBackpropFilter,5,2284.009,456.8018,2284.009,456.8018,0.0007390632150308321,0.8714161386434859,0.0,0.0
137,Device,Conv2DBackpropFilter,gradient_tape/model/resnet50/conv4_block2_1_conv/Conv2D/Conv2DBackpropFilter,5,2216.71,443.342,2216.71,443.342,0.0007172864990422524,0.8721334251425281,0.0,0.0
138,Device,Conv2DBackpropFilter,gradient_tape/model/resnet50/conv4_block3_1_conv/Conv2D/Conv2DBackpropFilter,5,2204.485,440.89700000000005,2204.485,440.89700000000005,0.0007133307143655055,0.8728467558568936,0.0,0.0
139,Device,Conv2DBackpropFilter,gradient_tape/model/resnet50/conv4_block4_1_conv/Conv2D/Conv2DBackpropFilter,5,2199.525,439.90500000000003,2199.525,439.90500000000003,0.0007117257497850013,0.8735584816066786,0.0,0.0
140,Device,Conv2DBackpropFilter,gradient_tape/model/resnet50/conv4_block6_1_conv/Conv2D/Conv2DBackpropFilter,5,2194.597,438.91940000000005,2194.597,438.91940000000005,0.0007101311398146939,0.8742686127464933,0.0,0.0
141,Device,Conv2DBackpropFilter,gradient_tape/model/resnet50/conv4_block5_1_conv/Conv2D/Conv2DBackpropFilter,5,2189.126,437.82520000000005,2189.126,437.82520000000005,0.0007083608250526095,0.8749769735715459,0.0,0.0
142,Device,_FusedBatchNormEx,model/resnet50/conv1_bn/FusedBatchNormV3,5,2160.262,432.05240000000003,2160.262,432.05240000000003,0.0006990209666550945,0.875675994538201,0.0,0.0
143,Device,Transpose,model/resnet50/conv1_conv/BiasAdd-0-0-TransposeNCHWToNHWC-LayoutOptimizer,5,2126.626,425.32520000000005,2126.626,425.32520000000005,0.0006881369770119813,0.876364131515213,0.0,0.0
144,Device,Transpose,model/resnet50/conv2_block2_3_conv/BiasAdd-0-0-TransposeNCHWToNHWC-LayoutOptimizer,5,2115.938,423.18760000000003,2115.938,423.18760000000003,0.0006846785372062496,0.8770488100524192,0.0,0.0
145,Device,FusedBatchNormGradV3,gradient_tape/model/resnet50/conv4_block1_0_bn/FusedBatchNormGradV3,10,2115.489,211.5489,2115.489,211.5489,0.0006845332490819257,0.8777333433015011,0.0,0.0
146,Device,FusedBatchNormGradV3,gradient_tape/model/resnet50/conv4_block2_3_bn/FusedBatchNormGradV3,10,2108.419,210.84189999999998,2108.419,210.84189999999998,0.0006822455273915698,0.8784155888288927,0.0,0.0
147,Device,Transpose,model/resnet50/conv2_block3_3_conv/BiasAdd-0-0-TransposeNCHWToNHWC-LayoutOptimizer,5,2106.404,421.2808,2106.404,421.2808,0.00068159351053074,0.8790971823394235,0.0,0.0
148,Device,Transpose,model/resnet50/conv2_block1_0_conv/BiasAdd-0-0-TransposeNCHWToNHWC-LayoutOptimizer,5,2105.058,421.0116,2105.058,421.0116,0.000681157969739337,0.8797783403091628,0.0,0.0
149,Device,BiasAdd,model/resnet50/conv3_block3_1_conv/BiasAdd,5,2101.731,420.34620000000007,2101.731,420.34620000000007,0.0006800814138604383,0.8804584217230232,0.0,0.0
150,Device,FusedBatchNormGradV3,gradient_tape/model/resnet50/conv4_block5_3_bn/FusedBatchNormGradV3,10,2101.538,210.1538,2101.538,210.1538,0.0006800189626176888,0.881138440685641,0.0,0.0
151,Device,Relu,model/resnet50/conv2_block1_out/Relu,5,2101.282,420.25640000000004,2101.282,420.25640000000004,0.0006799361257361145,0.8818183768113771,0.0,0.0
152,Device,FusedBatchNormGradV3,gradient_tape/model/resnet50/conv4_block3_3_bn/FusedBatchNormGradV3,10,2099.361,209.93609999999998,2099.361,209.93609999999998,0.0006793145255427377,0.8824976913369198,0.0,0.0
153,Device,FusedBatchNormGradV3,gradient_tape/model/resnet50/conv4_block4_3_bn/FusedBatchNormGradV3,10,2099.328,209.9328,2099.328,209.9328,0.0006793038473509722,0.8831769951842707,0.0,0.0
154,Device,Transpose,model/resnet50/conv2_block1_3_conv/BiasAdd-0-0-TransposeNCHWToNHWC-LayoutOptimizer,5,2099.043,419.8086,2099.043,419.8086,0.000679211626603907,0.8838562068108746,0.0,0.0
155,Device,Transpose,gradient_tape/model/resnet50/conv1_relu/ReluGrad-0-0-TransposeNCHWToNHWC-LayoutOptimizer,5,2098.593,419.7186,2098.593,419.7186,0.0006790660148980143,0.8845352728257726,0.0,0.0
156,Device,FusedBatchNormGradV3,gradient_tape/model/resnet50/conv4_block6_3_bn/FusedBatchNormGradV3,10,2097.187,209.71869999999998,2097.187,209.71869999999998,0.0006786110592124924,0.8852138838849851,0.0,0.0
157,Device,BiasAdd,model/resnet50/conv3_block2_2_conv/BiasAdd,5,2095.363,419.07259999999997,2095.363,419.07259999999997,0.0006780208464312747,0.8858919047314164,0.0,0.0
158,Device,FusedBatchNormGradV3,gradient_tape/model/resnet50/conv4_block1_3_bn/FusedBatchNormGradV3,10,2093.411,209.3411,2093.411,209.3411,0.0006773892152092699,0.8865692939466258,0.0,0.0
159,Device,Transpose,gradient_tape/model/resnet50/conv2_block3_out/ReluGrad-0-1-TransposeNCHWToNHWC-LayoutOptimizer,5,2079.169,415.8338,2079.169,415.8338,0.0006727807665085558,0.8872420747131343,0.0,0.0
160,Device,Transpose,AddN_13-1-TransposeNHWCToNCHW-LayoutOptimizer,5,2079.042,415.8084,2079.042,415.8084,0.0006727396716493373,0.8879148143847837,0.0,0.0
161,Device,FusedBatchNormGradV3,gradient_tape/model/resnet50/conv2_block2_1_bn/FusedBatchNormGradV3,10,2075.681,207.56810000000002,2075.681,207.56810000000002,0.0006716521139971045,0.8885864664987808,0.0,0.0
162,Device,FusedBatchNormGradV3,gradient_tape/model/resnet50/conv2_block3_1_bn/FusedBatchNormGradV3,10,2074.4,207.44,2074.4,207.44,0.0006712376060076638,0.8892577041047884,0.0,0.0
163,Device,FusedBatchNormGradV3,gradient_tape/model/resnet50/conv2_block1_2_bn/FusedBatchNormGradV3,10,2072.033,207.20329999999998,2072.033,207.20329999999998,0.000670471688434669,0.8899281757932231,0.0,0.0
164,Device,FusedBatchNormGradV3,gradient_tape/model/resnet50/conv2_block3_2_bn/FusedBatchNormGradV3,10,2071.168,207.1168,2071.168,207.1168,0.0006701917903777869,0.8905983675836009,0.0,0.0
165,Device,Transpose,gradient_tape/model/resnet50/conv2_block2_out/ReluGrad-0-1-TransposeNCHWToNHWC-LayoutOptimizer,5,2069.761,413.9522,2069.761,413.9522,0.0006697365111106962,0.8912681040947116,0.0,0.0
166,Device,FusedBatchNormGradV3,gradient_tape/model/resnet50/conv2_block2_2_bn/FusedBatchNormGradV3,10,2068.961,206.8961,2068.961,206.8961,0.0006694776458557761,0.8919375817405674,0.0,0.0
167,Device,FusedBatchNormGradV3,gradient_tape/model/resnet50/conv2_block1_1_bn/FusedBatchNormGradV3,10,2064.385,206.43850000000003,2064.385,206.43850000000003,0.0006679969365976336,0.892605578677165,0.0,0.0
168,Device,Relu,model/resnet50/conv2_block3_out/Relu,5,2064.033,412.8066,2064.033,412.8066,0.0006678830358854686,0.8932734617130504,0.0,0.0
169,Device,Transpose,AddN_14-1-TransposeNHWCToNCHW-LayoutOptimizer,5,2060.769,412.15379999999993,2060.769,412.15379999999993,0.0006668268656453949,0.8939402885786958,0.0,0.0
170,Device,Transpose,gradient_tape/model/resnet50/conv2_block1_out/ReluGrad-0-0-TransposeNCHWToNHWC-LayoutOptimizer,5,2057.983,411.5966,2057.983,411.5966,0.000665925367395136,0.894606213946091,0.0,0.0
171,Device,Transpose,gradient_tape/model/resnet50/conv2_block1_3_conv/Conv2D/Conv2DBackpropFilter-2-TransposeNHWCToNCHW-LayoutOptimizer,5,2057.888,411.57759999999996,2057.888,411.57759999999996,0.0006658946271461141,0.8952721085732371,0.0,0.0
172,Device,Transpose,gradient_tape/model/resnet50/conv2_block1_0_conv/Conv2D/Conv2DBackpropFilter-2-TransposeNHWCToNCHW-LayoutOptimizer,5,2052.385,410.47700000000003,2052.385,410.47700000000003,0.000664113957773833,0.895936222531011,0.0,0.0
173,Device,Transpose,gradient_tape/model/resnet50/conv2_block2_3_conv/Conv2D/Conv2DBackpropFilter-2-TransposeNHWCToNCHW-LayoutOptimizer,5,2051.712,410.3424,2051.712,410.3424,0.0006638961873781314,0.8966001187183892,0.0,0.0
174,Device,BiasAdd,model/resnet50/conv5_block1_3_conv/BiasAdd,5,2035.871,407.17420000000004,2035.871,407.17420000000004,0.000658770331749146,0.8972588890501383,0.0,0.0
175,Device,Conv2D,model/resnet50/conv4_block2_1_conv/Conv2D,5,2015.841,403.16819999999996,2015.841,403.16819999999996,0.0006522889929290854,0.8979111780430674,0.0,0.0
176,Device,Conv2D,model/resnet50/conv4_block5_1_conv/Conv2D,5,2009.216,401.84319999999997,2009.216,401.84319999999997,0.0006501452650367788,0.8985613233081042,0.0,0.0
177,Device,Conv2D,model/resnet50/conv4_block6_1_conv/Conv2D,5,2008.416,401.6832,2008.416,401.6832,0.0006498863997818589,0.899211209707886,0.0,0.0
178,Device,Conv2D,model/resnet50/conv4_block4_1_conv/Conv2D,5,1999.52,399.904,1999.52,399.904,0.000647007818147148,0.8998582175260332,0.0,0.0
179,Device,ReluGrad,gradient_tape/model/resnet50/conv3_block3_out/ReluGrad,5,1985.566,397.1132,1985.566,397.1132,0.0006424925609382052,0.9005007100869714,0.0,0.0
180,Device,ReluGrad,gradient_tape/model/resnet50/conv3_block2_out/ReluGrad,5,1980.064,396.0128,1980.064,396.0128,0.0006407122151474927,0.9011414223021189,0.0,0.0
181,Device,ReluGrad,gradient_tape/model/resnet50/conv3_block4_out/ReluGrad,5,1972.573,394.51460000000003,1972.573,394.51460000000003,0.0006382882656167352,0.9017797105677356,0.0,0.0
182,Device,ReluGrad,gradient_tape/model/resnet50/conv3_block1_out/ReluGrad,5,1970.016,394.0032,1970.016,394.0032,0.000637460867545697,0.9024171714352813,0.0,0.0
183,Device,Conv2DBackpropFilter,gradient_tape/model/resnet50/conv5_block1_1_conv/Conv2D/Conv2DBackpropFilter,10,1939.231,193.9231,1939.231,193.9231,0.0006274994089548051,0.9030446708442361,0.0,0.0
184,Device,MaxPool,model/resnet50/pool1_pool/MaxPool,5,1931.388,386.2776,1931.388,386.2776,0.0006249615587118828,0.903669632402948,0.0,0.0
185,Device,Conv2D,model/resnet50/conv3_block1_1_conv/Conv2D,5,1878.105,375.621,1878.105,375.621,0.0006077201619895022,0.9042773525649375,0.0,0.0
186,Device,_FusedBatchNormEx,model/resnet50/conv4_block5_2_bn/FusedBatchNormV3,5,1873.627,374.7254,1873.627,374.7254,0.0006062711637250872,0.9048836237286626,0.0,0.0
187,Device,Conv2D,model/resnet50/conv2_block1_3_conv/Conv2D,5,1816.504,363.3008,1816.504,363.3008,0.0005877872137790904,0.9054714109424417,0.0,0.0
188,Device,Conv2D,model/resnet50/conv2_block2_3_conv/Conv2D,5,1804.663,360.9326,1804.663,360.9326,0.0005839556844247052,0.9060553666268664,0.0,0.0
189,Device,Conv2D,model/resnet50/conv2_block3_3_conv/Conv2D,5,1802.809,360.5618,1802.809,360.5618,0.0005833557641964281,0.9066387223910628,0.0,0.0
190,Device,Conv2D,model/resnet50/conv2_block1_0_conv/Conv2D,5,1802.106,360.4212,1802.106,360.4212,0.000583128286353667,0.9072218506774165,0.0,0.0
191,Device,Conv2DBackpropInput,gradient_tape/model/resnet50/conv2_block3_1_conv/Conv2D/Conv2DBackpropInput,5,1797.144,359.4288,1797.144,359.4288,0.0005815226746100255,0.9078033733520264,0.0,0.0
192,Device,Conv2DBackpropInput,gradient_tape/model/resnet50/conv2_block2_1_conv/Conv2D/Conv2DBackpropInput,5,1792.824,358.5648,1792.824,358.5648,0.0005801248022334573,0.9083834981542599,0.0,0.0
193,Device,Conv2DBackpropInput,gradient_tape/model/resnet50/conv4_block5_3_conv/Conv2D/Conv2DBackpropInput,5,1731.383,346.27660000000003,1731.383,346.27660000000003,0.0005602436270740296,0.908943741781334,0.0,0.0
194,Device,Conv2DBackpropInput,gradient_tape/model/resnet50/conv4_block4_3_conv/Conv2D/Conv2DBackpropInput,5,1728.822,345.76439999999997,1728.822,345.76439999999997,0.0005594149346767167,0.9095031567160107,0.0,0.0
195,Device,Conv2DBackpropInput,gradient_tape/model/resnet50/conv4_block2_3_conv/Conv2D/Conv2DBackpropInput,5,1727.958,345.5916,1727.958,345.5916,0.0005591353602014032,0.910062292076212,0.0,0.0
196,Device,Conv2DBackpropInput,gradient_tape/model/resnet50/conv4_block1_3_conv/Conv2D/Conv2DBackpropInput,5,1727.956,345.59119999999996,1727.956,345.59119999999996,0.0005591347130382658,0.9106214267892503,0.0,0.0
197,Device,Conv2DBackpropInput,gradient_tape/model/resnet50/conv4_block3_1_conv/Conv2D/Conv2DBackpropInput,5,1727.094,345.41880000000003,1727.094,345.41880000000003,0.0005588557857260895,0.9111802825749764,0.0,0.0
198,Device,Conv2DBackpropInput,gradient_tape/model/resnet50/conv4_block5_1_conv/Conv2D/Conv2DBackpropInput,5,1725.207,345.0414,1725.207,345.0414,0.0005582451873060469,0.9117385277622825,0.0,0.0
199,Device,Conv2DBackpropInput,gradient_tape/model/resnet50/conv4_block6_3_conv/Conv2D/Conv2DBackpropInput,5,1724.535,344.90700000000004,1724.535,344.90700000000004,0.000558027740491914,0.9122965555027744,0.0,0.0
200,Device,Conv2DBackpropInput,gradient_tape/model/resnet50/conv4_block3_3_conv/Conv2D/Conv2DBackpropInput,5,1724.215,344.84299999999996,1724.215,344.84299999999996,0.000557924194389946,0.9128544796971644,0.0,0.0
201,Device,Conv2DBackpropInput,gradient_tape/model/resnet50/conv4_block4_1_conv/Conv2D/Conv2DBackpropInput,5,1723.669,344.73380000000003,1723.669,344.73380000000003,0.000557747518853463,0.9134122272160179,0.0,0.0
202,Device,Conv2DBackpropInput,gradient_tape/model/resnet50/conv4_block2_1_conv/Conv2D/Conv2DBackpropInput,5,1723.222,344.6444,1723.222,344.6444,0.0005576028778922765,0.9139698300939102,0.0,0.0
203,Device,Conv2DBackpropInput,gradient_tape/model/resnet50/conv4_block6_1_conv/Conv2D/Conv2DBackpropInput,5,1721.045,344.209,1721.045,344.209,0.0005568984408173254,0.9145267285347275,0.0,0.0
204,Device,Transpose,model/tf.nn.bias_add/BiasAdd-0-TransposeNHWCToNCHW-LayoutOptimizer,5,1667.412,333.4824,1667.412,333.4824,0.0005395437905459172,0.9150662723252734,0.0,0.0
205,Device,Conv2DBackpropFilter,gradient_tape/model/resnet50/conv2_block2_1_conv/Conv2D/Conv2DBackpropFilter,5,1640.372,328.0744,1640.372,328.0744,0.0005307941449296199,0.915597066470203,0.0,0.0
206,Device,Conv2DBackpropFilter,gradient_tape/model/resnet50/conv2_block3_1_conv/Conv2D/Conv2DBackpropFilter,5,1620.787,324.1574,1620.787,324.1574,0.0005244567999076087,0.9161215232701106,0.0,0.0
207,Device,FusedBatchNormV3,model/resnet50/conv3_block1_0_bn/FusedBatchNormV3,5,1598.866,319.7732,1598.866,319.7732,0.0005173635683412309,0.9166388868384518,0.0,0.0
208,Device,Conv2DBackpropFilter,gradient_tape/model/resnet50/conv2_block3_3_conv/Conv2D/Conv2DBackpropFilter,5,1589.234,317.8468,1589.234,317.8468,0.0005142468306719935,0.9171531336691239,0.0,0.0
209,Device,AddN,AddN_9,5,1588.402,317.6804,1588.402,317.6804,0.0005139776108068767,0.9176671112799307,0.0,0.0
210,Device,AddN,AddN_10,5,1585.777,317.1554,1585.777,317.1554,0.0005131282091891704,0.9181802394891199,0.0,0.0
211,Device,FusedBatchNormV3,model/resnet50/conv3_block2_3_bn/FusedBatchNormV3,5,1582.674,316.5348,1582.674,316.5348,0.0005121241355816493,0.9186923636247015,0.0,0.0
212,Device,FusedBatchNormV3,model/resnet50/conv3_block4_3_bn/FusedBatchNormV3,5,1581.618,316.3236,1581.618,316.3236,0.0005117824334451548,0.9192041460581467,0.0,0.0
213,Device,Conv2DBackpropFilter,gradient_tape/model/resnet50/conv2_block1_0_conv/Conv2D/Conv2DBackpropFilter,5,1578.451,315.6902,1578.451,315.6902,0.0005107576506172401,0.919714903708764,0.0,0.0
214,Device,Conv2DBackpropFilter,gradient_tape/model/resnet50/conv2_block2_3_conv/Conv2D/Conv2DBackpropFilter,5,1574.642,314.9284,1574.642,314.9284,0.000509525128422252,0.9202244288371862,0.0,0.0
215,Device,Conv2DBackpropFilter,gradient_tape/model/resnet50/conv2_block1_3_conv/Conv2D/Conv2DBackpropFilter,5,1572.594,314.5188,1572.594,314.5188,0.0005088624333696568,0.9207332912705559,0.0,0.0
216,Device,AddN,AddN_8,5,1571.377,314.2754,1571.377,314.2754,0.0005084686346006097,0.9212417599051566,0.0,0.0
217,Device,FusedBatchNormV3,model/resnet50/conv3_block1_3_bn/FusedBatchNormV3,5,1569.808,313.9616,1569.808,313.9616,0.0005079609351193977,0.921749720840276,0.0,0.0
218,Device,FusedBatchNormV3,model/resnet50/conv3_block3_3_bn/FusedBatchNormV3,5,1569.745,313.94899999999996,1569.745,313.94899999999996,0.0005079405494805727,0.9222576613897565,0.0,0.0
219,Device,AddV2,model/resnet50/conv3_block2_add/add,5,1560.304,312.06080000000003,1560.304,312.06080000000003,0.0005048856158909477,0.9227625470056474,0.0,0.0
220,Device,AddV2,model/resnet50/conv3_block1_add/add,5,1558.256,311.6512,1558.256,311.6512,0.0005042229208383524,0.9232667699264858,0.0,0.0
221,Device,AddN,AddN_11,5,1556.145,311.229,1556.145,311.229,0.0005035398401469321,0.9237703097666328,0.0,0.0
222,Device,AddV2,model/resnet50/conv3_block4_add/add,5,1554.897,310.9794,1554.897,310.9794,0.0005031360103492568,0.924273445776982,0.0,0.0
223,Device,Conv2D,model/resnet50/conv2_block2_1_conv/Conv2D,5,1548.242,309.6484,1548.242,309.6484,0.0005009825750098907,0.9247744283519919,0.0,0.0
224,Device,Conv2D,model/resnet50/conv4_block1_3_conv/Conv2D,5,1542.801,308.5602,1542.801,308.5602,0.0004992219676948659,0.9252736503196868,0.0,0.0
225,Device,Conv2D,model/resnet50/conv4_block5_3_conv/Conv2D,5,1541.361,308.2722,1541.361,308.2722,0.0004987560102360098,0.9257724063299227,0.0,0.0
226,Device,Conv2D,model/resnet50/conv4_block4_3_conv/Conv2D,5,1537.039,307.4078,1537.039,307.4078,0.0004973574906963043,0.9262697638206191,0.0,0.0
227,Device,Conv2D,model/resnet50/conv4_block6_3_conv/Conv2D,5,1536.592,307.3184,1536.592,307.3184,0.0004972128497351177,0.9267669766703542,0.0,0.0
228,Device,Conv2D,model/resnet50/conv4_block2_3_conv/Conv2D,5,1529.232,305.8464,1529.232,305.8464,0.0004948312893898533,0.9272618079597441,0.0,0.0
229,Device,Conv2D,model/resnet50/conv2_block3_1_conv/Conv2D,5,1528.72,305.744,1528.72,305.744,0.0004946656156267045,0.9277564735753708,0.0,0.0
230,Device,Conv2D,model/resnet50/conv4_block3_3_conv/Conv2D,5,1526.449,305.2898,1526.449,305.2898,0.0004939307618843002,0.9282504043372551,0.0,0.0
231,Device,Conv2DBackpropInput,gradient_tape/model/resnet50/conv2_block1_0_conv/Conv2D/Conv2DBackpropInput,5,1487.055,297.411,1487.055,297.411,0.00048118358956890015,0.9287315879268241,0.0,0.0
232,Device,Conv2DBackpropInput,gradient_tape/model/resnet50/conv2_block3_3_conv/Conv2D/Conv2DBackpropInput,5,1486.287,297.2574,1486.287,297.2574,0.0004809350789241769,0.9292125230057483,0.0,0.0
233,Device,Conv2DBackpropInput,gradient_tape/model/resnet50/conv2_block1_3_conv/Conv2D/Conv2DBackpropInput,5,1484.078,296.8156,1484.078,296.8156,0.00048022028723902896,0.9296927432929873,0.0,0.0
234,Device,Conv2DBackpropInput,gradient_tape/model/resnet50/conv2_block2_3_conv/Conv2D/Conv2DBackpropInput,5,1483.022,296.6044,1483.022,296.6044,0.00047987858510253445,0.9301726218780899,0.0,0.0
235,Device,Conv2DBackpropFilter,gradient_tape/model/resnet50/conv3_block2_1_conv/Conv2D/Conv2DBackpropFilter,5,1436.397,287.2794,1436.397,287.2794,0.0004647915944642259,0.9306374134725541,0.0,0.0
236,Device,Conv2DBackpropFilter,gradient_tape/model/resnet50/conv3_block3_1_conv/Conv2D/Conv2DBackpropFilter,5,1425.005,285.00100000000003,1425.005,285.00100000000003,0.0004611053532341646,0.9310985188257883,0.0,0.0
237,Device,Conv2DBackpropFilter,gradient_tape/model/resnet50/conv3_block4_3_conv/Conv2D/Conv2DBackpropFilter,5,1410.861,282.17220000000003,1410.861,282.17220000000003,0.00045652861552717826,0.9315550474413155,0.0,0.0
238,Device,Conv2DBackpropFilter,gradient_tape/model/resnet50/conv3_block4_1_conv/Conv2D/Conv2DBackpropFilter,5,1408.397,281.6794,1408.397,281.6794,0.00045573131054202446,0.9320107787518574,0.0,0.0
239,Device,Conv2DBackpropFilter,gradient_tape/model/resnet50/conv3_block1_3_conv/Conv2D/Conv2DBackpropFilter,5,1407.821,281.56419999999997,1407.821,281.56419999999997,0.00045554492755848206,0.932466323679416,0.0,0.0
240,Device,Conv2DBackpropFilter,gradient_tape/model/resnet50/conv3_block2_3_conv/Conv2D/Conv2DBackpropFilter,5,1407.468,281.4936,1407.468,281.4936,0.0004554307032647486,0.9329217543826807,0.0,0.0
241,Device,Conv2D,model/resnet50/conv3_block1_3_conv/Conv2D,5,1393.866,278.7732,1393.866,278.7732,0.0004510293467679706,0.9333727837294487,0.0,0.0
242,Device,Conv2D,model/resnet50/conv3_block3_3_conv/Conv2D,5,1380.588,276.1176,1380.588,276.1176,0.00044673283069943527,0.933819516560148,0.0,0.0
243,Device,Conv2D,model/resnet50/conv3_block4_3_conv/Conv2D,5,1368.556,273.7112,1368.556,273.7112,0.00044283949726543786,0.9342623560574135,0.0,0.0
244,Device,Conv2D,model/resnet50/conv3_block2_3_conv/Conv2D,5,1350.444,270.0888,1350.444,270.0888,0.00043697878789404816,0.9346993348453075,0.0,0.0
245,Device,Conv2DBackpropInput,gradient_tape/model/resnet50/conv3_block2_1_conv/Conv2D/Conv2DBackpropInput,5,1345.546,269.1092,1345.546,269.1092,0.00043539388537080023,0.9351347287306784,0.0,0.0
246,Device,Conv2DBackpropInput,gradient_tape/model/resnet50/conv3_block3_1_conv/Conv2D/Conv2DBackpropInput,5,1342.602,268.5204,1342.602,268.5204,0.0004344412612326945,0.9355691699919111,0.0,0.0
247,Device,Conv2DBackpropInput,gradient_tape/model/resnet50/conv3_block4_1_conv/Conv2D/Conv2DBackpropInput,5,1331.304,266.2608,1331.304,266.2608,0.0004307854366700862,0.9359999554285812,0.0,0.0
248,Device,BiasAdd,model/resnet50/conv3_block2_3_conv/BiasAdd,5,1281.704,256.3408,1281.704,256.3408,0.0004147357908650437,0.9364146912194462,0.0,0.0
249,Device,BiasAdd,model/resnet50/conv3_block1_3_conv/BiasAdd,5,1278.92,255.78400000000002,1278.92,255.78400000000002,0.000413834939777922,0.9368285261592241,0.0,0.0
250,Device,BiasAdd,model/resnet50/conv3_block3_3_conv/BiasAdd,5,1275.048,255.0096,1275.048,255.0096,0.00041258203194410897,0.9372411081911682,0.0,0.0
251,Device,BiasAdd,model/resnet50/conv3_block1_0_conv/BiasAdd,5,1274.407,254.88139999999999,1274.407,254.88139999999999,0.0004123746161586043,0.9376534828073269,0.0,0.0
252,Device,FusedBatchNormGradV3,gradient_tape/model/resnet50/conv5_block3_3_bn/FusedBatchNormGradV3,10,1188.934,118.8934,1188.934,118.8934,0.0003847171287413786,0.9380381999360682,0.0,0.0
253,Device,Conv2D,model/resnet50/conv3_block2_1_conv/Conv2D,5,1167.139,233.4278,1167.139,233.4278,0.0003776646684526507,0.9384158646045209,0.0,0.0
254,Device,BiasAddGrad,gradient_tape/model/resnet50/conv1_conv/BiasAdd/BiasAddGrad,5,1159.78,231.956,1159.78,231.956,0.000375283431688955,0.9387911480362098,0.0,0.0
255,Device,Conv2D,model/resnet50/conv3_block3_1_conv/Conv2D,5,1159.238,231.8476,1159.238,231.8476,0.0003751080504787467,0.9391662560866886,0.0,0.0
256,Device,FusedBatchNormGradV3,gradient_tape/model/resnet50/conv3_block1_2_bn/FusedBatchNormGradV3,10,1158.342,115.83420000000001,1158.342,115.83420000000001,0.0003748181213932363,0.9395410742080819,0.0,0.0
257,Device,Conv2D,model/resnet50/conv3_block4_1_conv/Conv2D,5,1158.277,231.65540000000001,1158.277,231.65540000000001,0.00037479708859127403,0.9399158712966731,0.0,0.0
258,Device,FusedBatchNormGradV3,gradient_tape/model/resnet50/conv5_block2_3_bn/FusedBatchNormGradV3,10,1148.835,114.8835,1148.835,114.8835,0.0003717418314200802,0.9402876131280932,0.0,0.0
259,Device,FusedBatchNormGradV3,gradient_tape/model/resnet50/conv5_block1_0_bn/FusedBatchNormGradV3,10,1144.996,114.49960000000002,1144.996,114.49960000000002,0.0003704996017780327,0.9406581127298712,0.0,0.0
260,Device,FusedBatchNormGradV3,gradient_tape/model/resnet50/conv3_block2_1_bn/FusedBatchNormGradV3,10,1136.901,113.6901,1136.901,113.6901,0.00036788020897981057,0.941025992938851,0.0,0.0
261,Device,FusedBatchNormGradV3,gradient_tape/model/resnet50/conv5_block1_3_bn/FusedBatchNormGradV3,10,1134.019,113.4019,1134.019,113.4019,0.00036694764689896106,0.94139294058575,0.0,0.0
262,Device,FusedBatchNormGradV3,gradient_tape/model/resnet50/conv3_block2_2_bn/FusedBatchNormGradV3,10,1132.899,113.28989999999999,1132.899,113.28989999999999,0.000366585235542073,0.9417595258212921,0.0,0.0
263,Device,FusedBatchNormGradV3,gradient_tape/model/resnet50/conv3_block3_2_bn/FusedBatchNormGradV3,10,1131.329,113.13289999999999,1131.329,113.13289999999999,0.00036607721247929243,0.9421256030337714,0.0,0.0
264,Device,FusedBatchNormGradV3,gradient_tape/model/resnet50/conv3_block4_2_bn/FusedBatchNormGradV3,10,1130.692,113.0692,1130.692,113.0692,0.00036587109102006234,0.9424914741247914,0.0,0.0
265,Device,FusedBatchNormGradV3,gradient_tape/model/resnet50/conv3_block3_1_bn/FusedBatchNormGradV3,10,1126.404,112.6404,1126.404,112.6404,0.00036448357325369096,0.9428559576980451,0.0,0.0
266,Device,FusedBatchNormGradV3,gradient_tape/model/resnet50/conv3_block4_1_bn/FusedBatchNormGradV3,10,1121.67,112.167,1121.67,112.167,0.0003629517381077016,0.9432189094361528,0.0,0.0
267,Device,FusedBatchNormGradV3,gradient_tape/model/resnet50/conv3_block1_1_bn/FusedBatchNormGradV3,10,1121.125,112.1125,1121.125,112.1125,0.00036277538615278734,0.9435816848223056,0.0,0.0
268,Device,Conv2DBackpropInput,gradient_tape/model/resnet50/conv3_block3_3_conv/Conv2D/Conv2DBackpropInput,5,1106.787,221.3574,1106.787,221.3574,0.0003581358736214829,0.9439398206959271,0.0,0.0
269,Device,Transpose,AddN_10-1-TransposeNHWCToNCHW-LayoutOptimizer,5,1098.532,219.70639999999997,1098.532,219.70639999999997,0.0003554647077722767,0.9442952854036993,0.0,0.0
270,Device,Transpose,gradient_tape/model/resnet50/conv3_block3_3_conv/Conv2D/Conv2DBackpropFilter-2-TransposeNHWCToNCHW-LayoutOptimizer,5,1097.25,219.45,1097.25,219.45,0.0003550498762012674,0.9446503352799006,0.0,0.0
271,Device,Transpose,gradient_tape/model/resnet50/conv3_block2_3_conv/Conv2D/Conv2DBackpropFilter-2-TransposeNHWCToNCHW-LayoutOptimizer,5,1095.17,219.03400000000002,1095.17,219.03400000000002,0.0003543768265384753,0.9450047121064391,0.0,0.0
272,Device,Transpose,gradient_tape/model/resnet50/conv3_block3_out/ReluGrad-0-1-TransposeNCHWToNHWC-LayoutOptimizer,5,1095.137,219.0274,1095.137,219.0274,0.0003543661483467098,0.9453590782547858,0.0,0.0
273,Device,Conv2DBackpropInput,gradient_tape/model/resnet50/conv3_block1_3_conv/Conv2D/Conv2DBackpropInput,5,1091.971,218.3942,1091.971,218.3942,0.00035334168910036376,0.9457124199438862,0.0,0.0
274,Device,Transpose,AddN_11-1-TransposeNHWCToNCHW-LayoutOptimizer,5,1090.498,218.0996,1090.498,218.0996,0.00035286505344974225,0.946065284997336,0.0,0.0
275,Device,Transpose,AddN_9-1-TransposeNHWCToNCHW-LayoutOptimizer,5,1087.17,217.43400000000003,1087.17,217.43400000000003,0.00035178817398927493,0.9464170731713253,0.0,0.0
276,Device,Transpose,model/resnet50/conv3_block3_3_conv/BiasAdd-0-0-TransposeNCHWToNHWC-LayoutOptimizer,5,1084.354,216.8708,1084.354,216.8708,0.00035087696829195635,0.9467679501396172,0.0,0.0
277,Device,Conv2DBackpropInput,gradient_tape/model/resnet50/conv3_block4_3_conv/Conv2D/Conv2DBackpropInput,5,1083.49,216.698,1083.49,216.698,0.0003505973938166427,0.9471185475334338,0.0,0.0
278,Device,Transpose,model/resnet50/conv3_block2_3_conv/BiasAdd-0-0-TransposeNCHWToNHWC-LayoutOptimizer,5,1083.459,216.6918,1083.459,216.6918,0.00035058736278801455,0.9474691348962219,0.0,0.0
279,Device,Transpose,gradient_tape/model/resnet50/conv3_block1_0_conv/Conv2D/Conv2DBackpropFilter-2-TransposeNHWCToNCHW-LayoutOptimizer,5,1083.043,216.60859999999997,1083.043,216.60859999999997,0.0003504527528554561,0.9478195876490774,0.0,0.0
280,Device,Transpose,gradient_tape/model/resnet50/conv3_block4_3_conv/Conv2D/Conv2DBackpropFilter-2-TransposeNHWCToNCHW-LayoutOptimizer,5,1078.723,215.7446,1078.723,215.7446,0.0003490548804788879,0.9481686425295562,0.0,0.0
281,Device,Transpose,gradient_tape/model/resnet50/conv3_block4_out/ReluGrad-0-1-TransposeNCHWToNHWC-LayoutOptimizer,5,1077.954,215.5908,1077.954,215.5908,0.000348806046252596,0.9485174485758089,0.0,0.0
282,Device,Transpose,model/resnet50/conv3_block1_0_conv/BiasAdd-0-0-TransposeNCHWToNHWC-LayoutOptimizer,5,1074.946,214.98919999999998,1074.946,214.98919999999998,0.00034783271289409663,0.948865281288703,0.0,0.0
283,Device,Transpose,model/resnet50/conv3_block4_3_conv/BiasAdd-0-0-TransposeNCHWToNHWC-LayoutOptimizer,5,1072.834,214.5668,1072.834,214.5668,0.0003471493086211078,0.9492124305973241,0.0,0.0
284,Device,Transpose,gradient_tape/model/resnet50/conv3_block1_3_conv/Conv2D/Conv2DBackpropFilter-2-TransposeNHWCToNCHW-LayoutOptimizer,5,1068.352,213.67040000000003,1068.352,213.67040000000003,0.0003456990160304183,0.9495581296133545,0.0,0.0
285,Device,Transpose,gradient_tape/model/resnet50/conv3_block2_out/ReluGrad-0-1-TransposeNCHWToNHWC-LayoutOptimizer,5,1064.481,212.8962,1064.481,212.8962,0.0003444464317781739,0.9499025760451327,0.0,0.0
286,Device,Transpose,gradient_tape/model/resnet50/conv3_block1_out/ReluGrad-0-0-TransposeNCHWToNHWC-LayoutOptimizer,5,1060.065,212.013,1060.065,212.013,0.0003430174955710153,0.9502455935407037,0.0,0.0
287,Device,Relu,model/resnet50/conv3_block2_out/Relu,5,1052.832,210.56640000000002,1052.832,210.56640000000002,0.0003406770300849695,0.9505862705707887,0.0,0.0
288,Device,Relu,model/resnet50/conv3_block3_out/Relu,5,1051.169,210.23380000000003,1051.169,210.23380000000003,0.0003401389139363045,0.950926409484725,0.0,0.0
289,Device,Relu,model/resnet50/conv3_block4_out/Relu,5,1047.617,209.52339999999998,1047.617,209.52339999999998,0.00033898955220445945,0.9512653990369294,0.0,0.0
290,Device,Relu,model/resnet50/conv3_block1_out/Relu,5,1045.507,209.1014,1045.507,209.1014,0.00033830679509460785,0.951603705832024,0.0,0.0
291,Device,ReluGrad,gradient_tape/model/resnet50/conv4_block5_out/ReluGrad,5,1030.72,206.144,1030.72,206.144,0.00033352199443897955,0.9519372278264631,0.0,0.0
292,Device,ReluGrad,gradient_tape/model/resnet50/conv4_block3_out/ReluGrad,5,1021.439,204.2878,1021.439,204.2878,0.00033051883390033845,0.9522677466603634,0.0,0.0
293,Device,ReluGrad,gradient_tape/model/resnet50/conv2_block3_1_relu/ReluGrad,5,1021.249,204.2498,1021.249,204.2498,0.00033045735340229493,0.9525982040137657,0.0,0.0
294,Device,ReluGrad,gradient_tape/model/resnet50/conv2_block2_1_relu/ReluGrad,5,1020.833,204.1666,1020.833,204.1666,0.0003303227434697365,0.9529285267572355,0.0,0.0
295,Device,ReluGrad,gradient_tape/model/resnet50/conv4_block6_out/ReluGrad,5,1020.609,204.1218,1020.609,204.1218,0.0003302502611983589,0.9532587770184339,0.0,0.0
296,Device,ReluGrad,gradient_tape/model/resnet50/conv4_block1_out/ReluGrad,5,1018.304,203.6608,1018.304,203.6608,0.0003295044056826205,0.9535882814241164,0.0,0.0
297,Device,ReluGrad,gradient_tape/model/resnet50/conv4_block4_out/ReluGrad,5,1017.856,203.5712,1017.856,203.5712,0.0003293594411398653,0.9539176408652563,0.0,0.0
298,Device,ReluGrad,gradient_tape/model/resnet50/conv2_block2_2_relu/ReluGrad,5,1017.216,203.4432,1017.216,203.4432,0.0003291523489359293,0.9542467932141923,0.0,0.0
299,Device,ReluGrad,gradient_tape/model/resnet50/conv2_block3_2_relu/ReluGrad,5,1015.904,203.1808,1015.904,203.1808,0.00032872780991786044,0.9545755210241101,0.0,0.0
300,Device,ReluGrad,gradient_tape/model/resnet50/conv4_block2_out/ReluGrad,5,1013.791,202.75820000000002,1013.791,202.75820000000002,0.00032804408206330287,0.9549035651061735,0.0,0.0
301,Device,ReluGrad,gradient_tape/model/resnet50/conv2_block1_1_relu/ReluGrad,5,1000.032,200.0064,1000.032,200.0064,0.0003235919232602468,0.9552271570294337,0.0,0.0
302,Device,ReluGrad,gradient_tape/model/resnet50/conv2_block1_2_relu/ReluGrad,5,996.927,199.3854,996.927,199.3854,0.0003225872024895884,0.9555497442319233,0.0,0.0
303,Device,FusedBatchNormV3,model/resnet50/conv4_block4_3_bn/FusedBatchNormV3,5,923.549,184.7098,923.549,184.7098,0.00029884343414518505,0.9558485876660685,0.0,0.0
304,Device,StridedSlice,model/tf.__operators__.getitem/strided_slice,5,921.277,184.2554,921.277,184.2554,0.00029810825682121214,0.9561466959228897,0.0,0.0
305,Device,FusedBatchNormV3,model/resnet50/conv4_block5_3_bn/FusedBatchNormV3,5,910.46,182.092,910.46,182.092,0.0002946080749931246,0.9564413039978829,0.0,0.0
306,Device,FusedBatchNormV3,model/resnet50/conv4_block6_3_bn/FusedBatchNormV3,5,898.139,179.6278,898.139,179.6278,0.0002906212264857873,0.9567319252243687,0.0,0.0
307,Device,FusedBatchNormV3,model/resnet50/conv4_block1_0_bn/FusedBatchNormV3,5,896.125,179.225,896.125,179.225,0.0002899695332065261,0.9570218947575752,0.0,0.0
308,Device,FusedBatchNormV3,model/resnet50/conv4_block2_3_bn/FusedBatchNormV3,5,888.827,177.7654,888.827,177.7654,0.000287608034918518,0.9573095027924937,0.0,0.0
309,Device,FusedBatchNormV3,model/resnet50/conv4_block1_3_bn/FusedBatchNormV3,5,886.714,177.3428,886.714,177.3428,0.0002869243070639605,0.9575964270995577,0.0,0.0
310,Device,AddN,AddN_2,5,810.073,162.0146,810.073,162.0146,0.000262124692061052,0.9578585517916188,0.0,0.0
311,Device,AddN,AddN_3,5,809.05,161.81,809.05,161.81,0.000261793668116323,0.9581203454597351,0.0,0.0
312,Device,AddN,AddN_7,5,807.737,161.54739999999998,807.737,161.54739999999998,0.00026136880551668547,0.9583817142652518,0.0,0.0
313,Device,AddN,AddN_5,5,807.002,161.4004,807.002,161.4004,0.00026113097306372767,0.9586428452383154,0.0,0.0
314,Device,AddN,AddN_6,5,804.601,160.9202,804.601,160.9202,0.0002603540537173989,0.9589031992920328,0.0,0.0
315,Device,AddN,AddN_4,5,802.073,160.4146,802.073,160.4146,0.00025953603951185157,0.9591627353315447,0.0,0.0
316,Device,AddV2,model/resnet50/conv4_block1_add/add,5,796.984,159.3968,796.984,159.3968,0.00025788933290899147,0.9594206246644538,0.0,0.0
317,Device,AddV2,model/resnet50/conv4_block6_add/add,5,796.952,159.3904,796.952,159.3904,0.0002578789782987947,0.9596785036427525,0.0,0.0
318,Device,AddV2,model/resnet50/conv4_block2_add/add,5,792.761,158.5522,792.761,158.5522,0.0002565228479445823,0.9599350264906971,0.0,0.0
319,Device,AddV2,model/resnet50/conv4_block3_add/add,5,792.761,158.5522,792.761,158.5522,0.0002565228479445823,0.9601915493386416,0.0,0.0
320,Device,AddV2,model/resnet50/conv4_block5_add/add,5,792.665,158.533,792.665,158.533,0.0002564917841139919,0.9604480411227556,0.0,0.0
321,Device,AddV2,model/resnet50/conv4_block4_add/add,5,790.072,158.0144,790.072,158.0144,0.00025565273710648234,0.9607036938598621,0.0,0.0
322,Device,FusedBatchNormV3,model/resnet50/conv5_block1_3_bn/FusedBatchNormV3,5,789.816,157.9632,789.816,157.9632,0.00025556990022490794,0.960959263760087,0.0,0.0
323,Device,FusedBatchNormV3,model/resnet50/conv5_block2_3_bn/FusedBatchNormV3,5,787.161,157.4322,787.161,157.4322,0.000254710791160142,0.9612139745512471,0.0,0.0
324,Device,FusedBatchNormV3,model/resnet50/conv5_block1_0_bn/FusedBatchNormV3,5,786.105,157.221,786.105,157.221,0.00025436908902364756,0.9614683436402708,0.0,0.0
325,Device,FusedBatchNormV3,model/resnet50/conv5_block3_3_bn/FusedBatchNormV3,5,785.017,157.0034,785.017,157.0034,0.0002540170322769563,0.9617223606725478,0.0,0.0
326,Device,AddN,AddN_15,5,773.593,154.71859999999998,773.593,154.71859999999998,0.00025032043643669814,0.9619726811089845,0.0,0.0
327,Device,TensorListFromTensor,model/sequential/random_flip/map/TensorArrayUnstack/TensorListFromTensor,20,765.784,38.2892,765.784,38.2892,0.0002477935879671099,0.9622204746969516,0.0,0.0
328,Device,Conv2DBackpropFilter,gradient_tape/model/resnet50/conv2_block1_1_conv/Conv2D/Conv2DBackpropFilter,5,747.032,149.40640000000002,747.032,149.40640000000002,0.0002417257863917842,0.9624622004833434,0.0,0.0
329,Device,BiasAddGrad,gradient_tape/model/resnet50/conv3_block1_3_conv/BiasAdd/BiasAddGrad,5,728.535,145.707,728.535,145.707,0.0002357404981164642,0.9626979409814599,0.0,0.0
330,Device,BiasAddGrad,gradient_tape/model/resnet50/conv3_block3_3_conv/BiasAdd/BiasAddGrad,5,727.127,145.4254,727.127,145.4254,0.0002352848952678049,0.9629332258767277,0.0,0.0
331,Device,BiasAddGrad,gradient_tape/model/resnet50/conv3_block2_3_conv/BiasAdd/BiasAddGrad,5,726.551,145.3102,726.551,145.3102,0.0002350985122842625,0.963168324389012,0.0,0.0
332,Device,BiasAddGrad,gradient_tape/model/resnet50/conv3_block1_0_conv/BiasAdd/BiasAddGrad,5,724.66,144.932,724.66,144.932,0.00023448661953794523,0.96340281100855,0.0,0.0
333,Device,BiasAddGrad,gradient_tape/model/resnet50/conv3_block4_3_conv/BiasAdd/BiasAddGrad,5,724.055,144.81099999999998,724.055,144.81099999999998,0.00023429085268891195,0.9636371018612389,0.0,0.0
334,Device,BiasAdd,model/resnet50/conv2_block3_1_conv/BiasAdd,5,670.869,134.1738,670.869,134.1738,0.00021708084337869043,0.9638541827046175,0.0,0.0
335,Device,BiasAdd,model/resnet50/conv4_block3_3_conv/BiasAdd,5,665.109,133.0218,665.109,133.0218,0.00021521701354326614,0.9640693997181607,0.0,0.0
336,Device,BiasAdd,model/resnet50/conv2_block1_2_conv/BiasAdd,5,664.693,132.9386,664.693,132.9386,0.0002150824036107077,0.9642844821217714,0.0,0.0
337,Device,BiasAdd,model/resnet50/conv2_block2_1_conv/BiasAdd,5,664.34,132.868,664.34,132.868,0.00021496817931697425,0.9644994503010884,0.0,0.0
338,Device,BiasAdd,model/resnet50/conv2_block2_2_conv/BiasAdd,5,663.829,132.76579999999998,663.829,132.76579999999998,0.00021480282913539404,0.9647142531302239,0.0,0.0
339,Device,BiasAdd,model/resnet50/conv4_block2_3_conv/BiasAdd,5,662.356,132.4712,662.356,132.4712,0.00021432619348477254,0.9649285793237087,0.0,0.0
340,Device,BiasAdd,model/resnet50/conv4_block6_3_conv/BiasAdd,5,661.781,132.3562,661.781,132.3562,0.00021414013408279874,0.9651427194577915,0.0,0.0
341,Device,BiasAdd,model/resnet50/conv2_block1_1_conv/BiasAdd,5,661.46,132.292,661.46,132.292,0.0002140362643992621,0.9653567557221908,0.0,0.0
342,Device,BiasAdd,model/resnet50/conv2_block3_2_conv/BiasAdd,5,661.077,132.2154,661.077,132.2154,0.00021391233265846912,0.9655706680548493,0.0,0.0
343,Device,BiasAdd,model/resnet50/conv4_block5_3_conv/BiasAdd,5,661.013,132.20260000000002,661.013,132.20260000000002,0.00021389162343807554,0.9657845596782874,0.0,0.0
344,Device,Conv2D,model/resnet50/conv2_block1_1_conv/Conv2D,5,659.445,131.889,659.445,131.889,0.00021338424753843225,0.9659979439258258,0.0,0.0
345,Device,BiasAdd,model/resnet50/conv4_block1_3_conv/BiasAdd,5,658.804,131.7608,658.804,131.7608,0.00021317683175292755,0.9662111207575788,0.0,0.0
346,Device,FusedBatchNormGradV3,gradient_tape/model/resnet50/conv4_block1_2_bn/FusedBatchNormGradV3,10,658.07,65.807,658.07,65.807,0.00021293932288153844,0.9664240600804603,0.0,0.0
347,Device,FusedBatchNormGradV3,gradient_tape/model/resnet50/conv4_block5_1_bn/FusedBatchNormGradV3,10,651.957,65.1957,651.957,65.1957,0.00021096126875238066,0.9666350213492128,0.0,0.0
348,Device,FusedBatchNormGradV3,gradient_tape/model/resnet50/conv4_block2_1_bn/FusedBatchNormGradV3,10,651.51,65.151,651.51,65.151,0.0002108166277911941,0.966845837977004,0.0,0.0
349,Device,BiasAdd,model/resnet50/conv4_block1_0_conv/BiasAdd,5,651.476,130.2952,651.476,130.2952,0.00021080562601786,0.9670566436030218,0.0,0.0
350,Device,FusedBatchNormGradV3,gradient_tape/model/resnet50/conv4_block3_1_bn/FusedBatchNormGradV3,10,646.196,64.6196,646.196,64.6196,0.00020909711533538775,0.9672657407183571,0.0,0.0
351,Device,FusedBatchNormGradV3,gradient_tape/model/resnet50/conv4_block6_2_bn/FusedBatchNormGradV3,10,645.397,64.53970000000001,645.397,64.53970000000001,0.00020883857366203634,0.9674745792920192,0.0,0.0
352,Device,FusedBatchNormGradV3,gradient_tape/model/resnet50/conv4_block5_2_bn/FusedBatchNormGradV3,10,644.657,64.4657,644.657,64.4657,0.0002085991233012353,0.9676831784153205,0.0,0.0
353,Device,TensorListStack,model/sequential/random_flip/map/TensorArrayV2Stack/TensorListStack,20,644.501,32.225049999999996,644.501,32.225049999999996,0.00020854864457652589,0.967891727059897,0.0,0.0
354,Device,FusedBatchNormGradV3,gradient_tape/model/resnet50/conv4_block3_2_bn/FusedBatchNormGradV3,10,644.468,64.4468,644.468,64.4468,0.00020853796638476042,0.9681002650262818,0.0,0.0
355,Device,FusedBatchNormGradV3,gradient_tape/model/resnet50/conv4_block2_2_bn/FusedBatchNormGradV3,10,643.158,64.3158,643.158,64.3158,0.0002081140745298289,0.9683083791008116,0.0,0.0
356,Device,Pad,model/resnet50/conv1_pad/Pad,5,642.613,128.5226,642.613,128.5226,0.00020793772257491461,0.9685163168233865,0.0,0.0
357,Device,FusedBatchNormGradV3,gradient_tape/model/resnet50/conv4_block6_1_bn/FusedBatchNormGradV3,10,642.292,64.2292,642.292,64.2292,0.00020783385289137795,0.9687241506762778,0.0,0.0
358,Device,FusedBatchNormGradV3,gradient_tape/model/resnet50/conv4_block4_2_bn/FusedBatchNormGradV3,10,641.653,64.1653,641.653,64.1653,0.00020762708426901055,0.9689317777605468,0.0,0.0
359,Device,FusedBatchNormGradV3,gradient_tape/model/resnet50/conv4_block4_1_bn/FusedBatchNormGradV3,10,641.525,64.1525,641.525,64.1525,0.00020758566582822332,0.9691393634263751,0.0,0.0
360,Device,FusedBatchNormGradV3,gradient_tape/model/resnet50/conv4_block1_1_bn/FusedBatchNormGradV3,10,641.395,64.1395,641.395,64.1395,0.00020754360022429884,0.9693469070265994,0.0,0.0
361,Device,TensorListConcatV2,model/sequential/random_rotation/loop_body/transform/ImageProjectiveTransformV3/pfor/TensorListConcatV2,20,640.5,32.025,640.5,32.025,0.00020725399472035704,0.9695541610213197,0.0,0.0
362,Device,Transpose,gradient_tape/model/resnet50/conv4_block1_0_conv/Conv2D/Conv2DBackpropFilter-2-TransposeNHWCToNCHW-LayoutOptimizer,5,628.756,125.7512,628.756,125.7512,0.00020345385277813083,0.9697576148740978,0.0,0.0
363,Device,Transpose,AddN_3-1-TransposeNHWCToNCHW-LayoutOptimizer,5,627.988,125.59760000000001,627.988,125.59760000000001,0.00020320534213340763,0.9699608202162312,0.0,0.0
364,Device,Transpose,gradient_tape/model/resnet50/conv4_block1_3_conv/Conv2D/Conv2DBackpropFilter-2-TransposeNHWCToNCHW-LayoutOptimizer,5,623.54,124.708,623.54,124.708,0.0002017660513160522,0.9701625862675473,0.0,0.0
365,Device,Transpose,AddN_4-1-TransposeNHWCToNCHW-LayoutOptimizer,5,621.812,124.36240000000001,621.812,124.36240000000001,0.00020120690236542492,0.9703637931699127,0.0,0.0
366,Device,Transpose,AddN_6-1-TransposeNHWCToNCHW-LayoutOptimizer,5,621.364,124.2728,621.364,124.2728,0.0002010619378226697,0.9705648551077354,0.0,0.0
367,Device,Transpose,gradient_tape/model/resnet50/conv4_block6_3_conv/Conv2D/Conv2DBackpropFilter-2-TransposeNHWCToNCHW-LayoutOptimizer,5,620.115,124.023,620.115,124.023,0.00020065778444342577,0.9707655128921788,0.0,0.0
368,Device,Conv2DBackpropInput,gradient_tape/model/resnet50/conv2_block1_1_conv/Conv2D/Conv2DBackpropInput,5,619.476,123.8952,619.476,123.8952,0.0002004510158210584,0.9709659639079999,0.0,0.0
369,Device,Transpose,AddN_5-1-TransposeNHWCToNCHW-LayoutOptimizer,5,617.843,123.56859999999999,617.843,123.56859999999999,0.00019992260711945286,0.9711658865151194,0.0,0.0
370,Device,Transpose,gradient_tape/model/resnet50/conv4_block2_3_conv/Conv2D/Conv2DBackpropFilter-2-TransposeNHWCToNCHW-LayoutOptimizer,5,617.747,123.54939999999999,617.747,123.54939999999999,0.00019989154328886244,0.9713657780584082,0.0,0.0
371,Device,Transpose,AddN_7-1-TransposeNHWCToNCHW-LayoutOptimizer,5,617.075,123.415,617.075,123.415,0.00019967409647472963,0.9715654521548829,0.0,0.0
372,Device,Transpose,gradient_tape/model/resnet50/conv4_block5_3_conv/Conv2D/Conv2DBackpropFilter-2-TransposeNHWCToNCHW-LayoutOptimizer,5,616.914,123.3828,616.914,123.3828,0.00019962199984217697,0.971765074154725,0.0,0.0
373,Device,Transpose,gradient_tape/model/resnet50/conv4_block4_3_conv/Conv2D/Conv2DBackpropFilter-2-TransposeNHWCToNCHW-LayoutOptimizer,5,615.22,123.04400000000001,615.22,123.04400000000001,0.0001990738526648838,0.97196414800739,0.0,0.0
374,Device,Transpose,gradient_tape/model/resnet50/conv4_block3_3_conv/Conv2D/Conv2DBackpropFilter-2-TransposeNHWCToNCHW-LayoutOptimizer,5,614.964,122.99280000000002,614.964,122.99280000000002,0.00019899101578330937,0.9721631390231733,0.0,0.0
375,Device,_FusedBatchNormEx,model/resnet50/conv2_block2_1_bn/FusedBatchNormV3,5,602.611,120.5222,602.611,120.5222,0.0001949938126657753,0.972358132835839,0.0,0.0
376,Device,_FusedBatchNormEx,model/resnet50/conv2_block1_1_bn/FusedBatchNormV3,5,598.61,119.72200000000001,598.61,119.72200000000001,0.00019369916280960646,0.9725518319986487,0.0,0.0
377,Device,_FusedBatchNormEx,model/resnet50/conv2_block3_1_bn/FusedBatchNormV3,5,598.002,119.6004,598.002,119.6004,0.0001935024252158672,0.9727453344238646,0.0,0.0
378,Device,_FusedBatchNormEx,model/resnet50/conv2_block2_2_bn/FusedBatchNormV3,5,593.586,118.7172,593.586,118.7172,0.0001920734890087086,0.9729374079128733,0.0,0.0
379,Device,_FusedBatchNormEx,model/resnet50/conv2_block3_2_bn/FusedBatchNormV3,5,591.953,118.39059999999999,591.953,118.39059999999999,0.00019154508030710306,0.9731289529931804,0.0,0.0
380,Device,_FusedBatchNormEx,model/resnet50/conv2_block1_2_bn/FusedBatchNormV3,5,591.508,118.30160000000001,591.508,118.30160000000001,0.0001914010865090538,0.9733203540796894,0.0,0.0
381,Device,Transpose,model/resnet50/conv4_block5_3_conv/BiasAdd-0-0-TransposeNCHWToNHWC-LayoutOptimizer,5,571.506,114.3012,571.506,114.3012,0.0001849288079729155,0.9735052828876624,0.0,0.0
382,Device,Transpose,model/resnet50/conv4_block6_3_conv/BiasAdd-0-0-TransposeNCHWToNHWC-LayoutOptimizer,5,570.801,114.1602,570.801,114.1602,0.0001847006829670172,0.9736899835706294,0.0,0.0
383,Device,Transpose,model/resnet50/conv4_block4_3_conv/BiasAdd-0-0-TransposeNCHWToNHWC-LayoutOptimizer,5,568.048,113.6096,568.048,113.6096,0.0001838098629085236,0.973873793433538,0.0,0.0
384,Device,Transpose,model/resnet50/conv4_block3_3_conv/BiasAdd-0-0-TransposeNCHWToNHWC-LayoutOptimizer,5,566.099,113.2198,566.099,113.2198,0.00018317920243122467,0.9740569726359692,0.0,0.0
385,Device,Transpose,model/resnet50/conv4_block2_3_conv/BiasAdd-0-0-TransposeNCHWToNHWC-LayoutOptimizer,5,565.329,113.0658,565.329,113.0658,0.00018293004462336413,0.9742399026805926,0.0,0.0
386,Device,Transpose,model/resnet50/conv4_block1_0_conv/BiasAdd-0-0-TransposeNCHWToNHWC-LayoutOptimizer,5,565.299,113.0598,565.299,113.0598,0.00018292033717630463,0.9744228230177688,0.0,0.0
387,Device,Transpose,gradient_tape/model/resnet50/conv4_block1_out/ReluGrad-0-0-TransposeNCHWToNHWC-LayoutOptimizer,5,563.57,112.71400000000001,563.57,112.71400000000001,0.0001823608646441087,0.9746051838824129,0.0,0.0
388,Device,Transpose,model/resnet50/conv4_block1_3_conv/BiasAdd-0-0-TransposeNCHWToNHWC-LayoutOptimizer,5,563.091,112.6182,563.091,112.6182,0.00018220586907272533,0.9747873897514856,0.0,0.0
389,Device,Transpose,model/resnet50/conv2_block2_1_conv/BiasAdd-0-0-TransposeNCHWToNHWC-LayoutOptimizer,5,562.419,112.4838,562.419,112.4838,0.0001819884222585925,0.9749693781737442,0.0,0.0
390,Device,Transpose,gradient_tape/model/resnet50/conv4_block3_out/ReluGrad-0-1-TransposeNCHWToNHWC-LayoutOptimizer,5,560.883,112.17660000000001,560.883,112.17660000000001,0.00018149140096914603,0.9751508695747133,0.0,0.0
391,Device,Transpose,gradient_tape/model/resnet50/conv4_block4_out/ReluGrad-0-1-TransposeNCHWToNHWC-LayoutOptimizer,5,560.625,112.125,560.625,112.125,0.0001814079169244343,0.9753322774916378,0.0,0.0
392,Device,Transpose,gradient_tape/model/resnet50/conv4_block5_out/ReluGrad-0-1-TransposeNCHWToNHWC-LayoutOptimizer,5,560.146,112.02919999999999,560.146,112.02919999999999,0.00018125292135305092,0.9755135304129908,0.0,0.0
393,Device,Transpose,gradient_tape/model/resnet50/conv4_block6_out/ReluGrad-0-1-TransposeNCHWToNHWC-LayoutOptimizer,5,559.344,111.86880000000001,559.344,111.86880000000001,0.0001809934089349936,0.9756945238219258,0.0,0.0
394,Device,Transpose,gradient_tape/model/resnet50/conv4_block2_out/ReluGrad-0-1-TransposeNCHWToNHWC-LayoutOptimizer,5,557.234,111.44680000000001,557.234,111.44680000000001,0.000180310651825142,0.9758748344737509,0.0,0.0
395,Device,Transpose,model/resnet50/conv2_block3_1_conv/BiasAdd-0-0-TransposeNCHWToNHWC-LayoutOptimizer,5,555.025,111.005,555.025,111.005,0.000179595860139994,0.9760544303338909,0.0,0.0
396,Device,Transpose,model/resnet50/conv2_block2_2_conv/BiasAdd-0-0-TransposeNCHWToNHWC-LayoutOptimizer,5,554.546,110.90920000000001,554.546,110.90920000000001,0.00017944086456861066,0.9762338711984595,0.0,0.0
397,Device,Transpose,model/resnet50/conv2_block3_2_conv/BiasAdd-0-0-TransposeNCHWToNHWC-LayoutOptimizer,5,551.314,110.2628,551.314,110.2628,0.00017839504893873366,0.9764122662473982,0.0,0.0
398,Device,Transpose,model/resnet50/conv2_block1_1_conv/BiasAdd-0-0-TransposeNCHWToNHWC-LayoutOptimizer,5,550.674,110.1348,550.674,110.1348,0.00017818795673479765,0.9765904542041329,0.0,0.0
399,Device,Transpose,model/resnet50/conv2_block1_2_conv/BiasAdd-0-0-TransposeNCHWToNHWC-LayoutOptimizer,5,548.976,109.7952,548.976,109.7952,0.00017763851523122987,0.9767680927193642,0.0,0.0
400,Device,Transpose,gradient_tape/model/resnet50/conv2_block1_1_conv/Conv2D/Conv2DBackpropFilter-2-TransposeNHWCToNCHW-LayoutOptimizer,5,547.954,109.59079999999999,547.954,109.59079999999999,0.0001773078148680695,0.9769454005342322,0.0,0.0
401,Device,Transpose,gradient_tape/model/resnet50/conv2_block3_1_relu/ReluGrad-0-0-TransposeNCHWToNHWC-LayoutOptimizer,5,547.121,109.4242,547.121,109.4242,0.000177038271421384,0.9771224388056535,0.0,0.0
402,Device,Transpose,gradient_tape/model/resnet50/conv2_block3_1_conv/Conv2D/Conv2DBackpropFilter-2-TransposeNHWCToNCHW-LayoutOptimizer,5,544.498,108.8996,544.498,108.8996,0.00017618951696681494,0.9772986283226204,0.0,0.0
403,Device,Transpose,gradient_tape/model/resnet50/conv2_block1_1_relu/ReluGrad-0-0-TransposeNCHWToNHWC-LayoutOptimizer,5,544.305,108.86099999999999,544.305,108.86099999999999,0.00017612706572406548,0.9774747553883445,0.0,0.0
404,Device,Transpose,gradient_tape/model/resnet50/conv2_block3_2_conv/Conv2D/Conv2DBackpropFilter-2-TransposeNHWCToNCHW-LayoutOptimizer,5,543.474,108.69480000000001,543.474,108.69480000000001,0.0001758581694405173,0.977650613557785,0.0,0.0
405,Device,Transpose,gradient_tape/model/resnet50/conv2_block2_1_relu/ReluGrad-0-0-TransposeNCHWToNHWC-LayoutOptimizer,5,542.929,108.58579999999999,542.929,108.58579999999999,0.000175681817485603,0.9778262953752707,0.0,0.0
406,Device,Transpose,gradient_tape/model/resnet50/conv2_block3_2_relu/ReluGrad-0-0-TransposeNCHWToNHWC-LayoutOptimizer,5,541.873,108.37460000000002,541.873,108.37460000000002,0.00017534011534910856,0.9780016354906198,0.0,0.0
407,Device,Transpose,gradient_tape/model/resnet50/conv2_block1_2_relu/ReluGrad-0-0-TransposeNCHWToNHWC-LayoutOptimizer,5,540.882,108.17639999999999,540.882,108.17639999999999,0.00017501944601457635,0.9781766549366344,0.0,0.0
408,Device,Transpose,gradient_tape/model/resnet50/conv2_block2_1_conv/Conv2D/Conv2DBackpropFilter-2-TransposeNHWCToNCHW-LayoutOptimizer,5,540.818,108.1636,540.818,108.1636,0.00017499873679418276,0.9783516536734286,0.0,0.0
409,Device,Transpose,gradient_tape/model/resnet50/conv2_block1_2_conv/Conv2D/Conv2DBackpropFilter-2-TransposeNHWCToNCHW-LayoutOptimizer,5,540.689,108.1378,540.689,108.1378,0.00017495699477182688,0.9785266106682005,0.0,0.0
410,Device,Transpose,gradient_tape/model/resnet50/conv2_block2_2_conv/Conv2D/Conv2DBackpropFilter-2-TransposeNHWCToNCHW-LayoutOptimizer,5,539.792,107.95840000000001,539.792,107.95840000000001,0.00017466674210474782,0.9787012774103052,0.0,0.0
411,Device,ReluGrad,gradient_tape/model/resnet50/conv3_block1_1_relu/ReluGrad,5,538.864,107.7728,538.864,107.7728,0.00017436645840904056,0.9788756438687143,0.0,0.0
412,Device,Transpose,gradient_tape/model/resnet50/conv2_block2_2_relu/ReluGrad-0-0-TransposeNCHWToNHWC-LayoutOptimizer,5,538.256,107.65119999999999,538.256,107.65119999999999,0.0001741697208153013,0.9790498135895296,0.0,0.0
413,Device,ReluGrad,gradient_tape/model/resnet50/conv3_block1_2_relu/ReluGrad,5,537.361,107.4722,537.361,107.4722,0.00017388011531135954,0.979223693704841,0.0,0.0
414,Device,Relu,model/resnet50/conv4_block2_out/Relu,5,536.944,107.38879999999999,536.944,107.38879999999999,0.00017374518179723246,0.9793974388866382,0.0,0.0
415,Device,Relu,model/resnet50/conv4_block5_out/Relu,5,536.05,107.21,536.05,107.21,0.0001734558998748593,0.979570894786513,0.0,0.0
416,Device,Relu,model/resnet50/conv4_block1_out/Relu,5,536.017,107.20340000000002,536.017,107.20340000000002,0.00017344522168309388,0.9797443400081961,0.0,0.0
417,Device,Relu,model/resnet50/conv4_block3_out/Relu,5,535.28,107.056,535.28,107.056,0.00017320674206699877,0.9799175467502631,0.0,0.0
418,Device,Relu,model/resnet50/conv4_block6_out/Relu,5,534.866,106.97319999999999,534.866,106.97319999999999,0.00017307277929757764,0.9800906195295607,0.0,0.0
419,Device,Relu,model/resnet50/conv4_block4_out/Relu,5,530.353,106.07059999999998,530.353,106.07059999999998,0.00017161245567825996,0.9802622319852389,0.0,0.0
420,Device,ReluGrad,gradient_tape/model/resnet50/conv3_block4_1_relu/ReluGrad,5,527.152,105.4304,527.152,105.4304,0.00017057667107701118,0.9804328086563159,0.0,0.0
421,Device,ReluGrad,gradient_tape/model/resnet50/conv3_block2_1_relu/ReluGrad,5,526.831,105.3662,526.831,105.3662,0.00017047280139347452,0.9806032814577094,0.0,0.0
422,Device,ReluGrad,gradient_tape/model/resnet50/conv3_block3_1_relu/ReluGrad,5,524.85,104.97,524.85,104.97,0.00016983178630597875,0.9807731132440154,0.0,0.0
423,Device,ReluGrad,gradient_tape/model/resnet50/conv5_block1_out/ReluGrad,5,524.047,104.80940000000001,524.047,104.80940000000001,0.00016957195030635277,0.9809426851943217,0.0,0.0
424,Device,ReluGrad,gradient_tape/model/resnet50/conv5_block3_out/ReluGrad,5,523.89,104.77799999999999,523.89,104.77799999999999,0.0001695211480000747,0.9811122063423218,0.0,0.0
425,Device,ReluGrad,gradient_tape/model/resnet50/conv3_block4_2_relu/ReluGrad,5,521.969,104.39380000000001,521.969,104.39380000000001,0.00016889954780669798,0.9812811058901285,0.0,0.0
426,Device,ReluGrad,gradient_tape/model/resnet50/conv5_block2_out/ReluGrad,5,521.553,104.3106,521.553,104.3106,0.00016876493787413953,0.9814498708280026,0.0,0.0
427,Device,ReluGrad,gradient_tape/model/resnet50/conv3_block3_2_relu/ReluGrad,5,519.184,103.8368,519.184,103.8368,0.00016799837313800757,0.9816178692011406,0.0,0.0
428,Device,ReluGrad,gradient_tape/model/resnet50/conv3_block2_2_relu/ReluGrad,5,515.759,103.15180000000001,515.759,103.15180000000001,0.00016689010626538115,0.9817847593074059,0.0,0.0
429,Device,BiasAdd,model/tf.nn.bias_add/BiasAdd,5,512.305,102.46099999999998,512.305,102.46099999999998,0.00016577245552726387,0.9819505317629332,0.0,0.0
430,Device,FusedBatchNormGradV3,gradient_tape/model/resnet50/conv5_block2_1_bn/FusedBatchNormGradV3,10,469.87,46.987,469.87,46.987,0.000152041271661599,0.9821025730345948,0.0,0.0
431,Device,FusedBatchNormGradV3,gradient_tape/model/resnet50/conv5_block1_2_bn/FusedBatchNormGradV3,10,469.137,46.9137,469.137,46.9137,0.00015180408637177853,0.9822543771209666,0.0,0.0
432,Device,FusedBatchNormGradV3,gradient_tape/model/resnet50/conv5_block2_2_bn/FusedBatchNormGradV3,10,468.685,46.8685,468.685,46.8685,0.0001516578275027487,0.9824060349484693,0.0,0.0
433,Device,FusedBatchNormGradV3,gradient_tape/model/resnet50/conv5_block3_1_bn/FusedBatchNormGradV3,10,467.759,46.7759,467.759,46.7759,0.00015135819097017875,0.9825573931394396,0.0,0.0
434,Device,FusedBatchNormGradV3,gradient_tape/model/resnet50/conv5_block1_1_bn/FusedBatchNormGradV3,10,466.351,46.6351,466.351,46.6351,0.0001509025881215195,0.9827082957275611,0.0,0.0
435,Device,FusedBatchNormGradV3,gradient_tape/model/resnet50/conv5_block3_2_bn/FusedBatchNormGradV3,10,462.957,46.2957,462.957,46.2957,0.00014980435227752122,0.9828581000798386,0.0,0.0
436,Device,AddN,AddN,5,433.677,86.7354,433.677,86.7354,0.00014032988394744775,0.9829984299637861,0.0,0.0
437,Device,AddN,AddN_1,5,428.623,85.7246,428.623,85.7246,0.00013869450269949038,0.9831371244664856,0.0,0.0
438,Device,BiasAddGrad,gradient_tape/model/resnet50/conv4_block1_0_conv/BiasAdd/BiasAddGrad,5,417.934,83.58680000000001,417.934,83.58680000000001,0.00013523573931219002,0.9832723602057978,0.0,0.0
439,Device,AddV2,model/resnet50/conv5_block3_add/add,5,415.663,83.1326,415.663,83.1326,0.00013450088556978576,0.9834068610913675,0.0,0.0
440,Device,BiasAddGrad,gradient_tape/model/resnet50/conv4_block1_3_conv/BiasAdd/BiasAddGrad,5,414.924,82.98479999999999,414.924,82.98479999999999,0.00013426175879055336,0.983541122850158,0.0,0.0
441,Device,BiasAddGrad,gradient_tape/model/resnet50/conv4_block3_3_conv/BiasAdd/BiasAddGrad,5,413.101,82.6202,413.101,82.6202,0.0001336718695909043,0.983674794719749,0.0,0.0
442,Device,AddV2,model/resnet50/conv5_block1_add/add,5,412.108,82.4216,412.108,82.4216,0.00013335055309323483,0.9838081452728422,0.0,0.0
443,Device,AddV2,model/resnet50/conv5_block2_add/add,5,412.014,82.4028,412.014,82.4028,0.00013332013642578173,0.983941465409268,0.0,0.0
444,Device,BiasAddGrad,gradient_tape/model/resnet50/conv4_block2_3_conv/BiasAdd/BiasAddGrad,5,411.916,82.3832,411.916,82.3832,0.000133288425432054,0.9840747538347,0.0,0.0
445,Device,BiasAddGrad,gradient_tape/model/resnet50/conv4_block4_3_conv/BiasAdd/BiasAddGrad,5,411.851,82.3702,411.851,82.3702,0.00013326739263009175,0.9842080212273301,0.0,0.0
446,Device,BiasAddGrad,gradient_tape/model/resnet50/conv4_block5_3_conv/BiasAdd/BiasAddGrad,5,408.94,81.788,408.94,81.788,0.00013232544668375146,0.9843403466740138,0.0,0.0
447,Device,Transpose,gradient_tape/model/resnet50/conv5_block3_3_conv/Conv2D/Conv2DBackpropFilter-2-TransposeNHWCToNCHW-LayoutOptimizer,5,408.27,81.654,408.27,81.654,0.0001321086470327559,0.9844724553210465,0.0,0.0
448,Device,BiasAddGrad,gradient_tape/model/resnet50/conv4_block6_3_conv/BiasAdd/BiasAddGrad,5,407.532,81.5064,407.532,81.5064,0.00013186984383509217,0.9846043251648816,0.0,0.0
449,Device,Transpose,gradient_tape/model/resnet50/conv5_block1_3_conv/Conv2D/Conv2DBackpropFilter-2-TransposeNHWCToNCHW-LayoutOptimizer,5,406.764,81.3528,406.764,81.3528,0.00013162133319036896,0.984735946498072,0.0,0.0
450,Device,Mean,model/global_average_pooling2d/Mean,5,405.805,81.161,405.805,81.161,0.00013131101846603356,0.984867257516538,0.0,0.0
451,Device,Transpose,gradient_tape/model/resnet50/conv5_block2_3_conv/Conv2D/Conv2DBackpropFilter-2-TransposeNHWCToNCHW-LayoutOptimizer,5,405.646,81.1292,405.646,81.1292,0.00013125956899661818,0.9849985170855347,0.0,0.0
452,Device,Transpose,gradient_tape/model/resnet50/conv5_block1_0_conv/Conv2D/Conv2DBackpropFilter-2-TransposeNHWCToNCHW-LayoutOptimizer,5,404.43,80.886,404.43,80.886,0.00013086609380913973,0.9851293831793438,0.0,0.0
453,Device,BiasAddGrad,gradient_tape/model/resnet50/conv2_block3_1_conv/BiasAdd/BiasAddGrad,5,399.022,79.8044,399.022,79.8044,0.00012911616468588025,0.9852584993440298,0.0,0.0
454,Device,Transpose,AddN_1-1-TransposeNHWCToNCHW-LayoutOptimizer,5,398.795,79.759,398.795,79.759,0.00012904271166979672,0.9853875420556996,0.0,0.0
455,Device,BiasAddGrad,gradient_tape/model/resnet50/conv2_block1_2_conv/BiasAdd/BiasAddGrad,5,398.669,79.7338,398.669,79.7338,0.00012900194039214678,0.9855165439960917,0.0,0.0
456,Device,BiasAddGrad,gradient_tape/model/resnet50/conv2_block2_1_conv/BiasAdd/BiasAddGrad,5,398.508,79.7016,398.508,79.7016,0.00012894984375959412,0.9856454938398512,0.0,0.0
457,Device,BiasAddGrad,gradient_tape/model/resnet50/conv2_block1_1_conv/BiasAdd/BiasAddGrad,5,396.939,79.3878,396.939,79.3878,0.00012844214427838222,0.9857739359841297,0.0,0.0
458,Device,Transpose,AddN-1-TransposeNHWCToNCHW-LayoutOptimizer,5,396.684,79.33680000000001,396.684,79.33680000000001,0.00012835963097837646,0.985902295615108,0.0,0.0
459,Device,SparseSoftmaxCrossEntropyWithLogits,sparse_categorical_crossentropy/SparseSoftmaxCrossEntropyWithLogits/SparseSoftmaxCrossEntropyWithLogits,5,387.821,77.5642,387.821,77.5642,0.00012549172753543105,0.9860277873426434,0.0,0.0
460,Device,Transpose,gradient_tape/model/resnet50/conv5_block3_out/ReluGrad-0-TransposeNHWCToNCHW-LayoutOptimizer,5,386.956,77.3912,386.956,77.3912,0.00012521182947854877,0.986152999172122,0.0,0.0
461,Device,BiasAddGrad,gradient_tape/model/resnet50/conv2_block2_2_conv/BiasAdd/BiasAddGrad,5,383.884,76.77680000000001,383.884,76.77680000000001,0.00012421778689965582,0.9862772169590216,0.0,0.0
462,Device,BiasAddGrad,gradient_tape/model/resnet50/conv2_block3_2_conv/BiasAdd/BiasAddGrad,5,380.494,76.09880000000001,380.494,76.09880000000001,0.00012312084538193216,0.9864003378044035,0.0,0.0
463,Device,MatMul,model/dense/MatMul,5,371.149,74.2298,371.149,74.2298,0.00012009697562289742,0.9865204347800264,0.0,0.0
464,Device,BiasAdd,model/resnet50/conv3_block1_1_conv/BiasAdd,5,356.78,71.356,356.78,71.356,0.00011544743206296484,0.9866358822120893,0.0,0.0
465,Device,BiasAdd,model/resnet50/conv5_block1_0_conv/BiasAdd,5,347.818,69.5636,347.818,69.5636,0.00011254749404472309,0.9867484297061341,0.0,0.0
466,Device,BiasAddGrad,gradient_tape/model/resnet50/conv5_block3_3_conv/BiasAdd/BiasAddGrad,5,347.465,69.493,347.465,69.493,0.00011243326975098962,0.986860862975885,0.0,0.0
467,Device,RealDiv,gradient_tape/model/global_average_pooling2d/truediv,5,347.275,69.455,347.275,69.455,0.00011237178925294612,0.986973234765138,0.0,0.0
468,Device,BiasAddGrad,gradient_tape/model/resnet50/conv5_block2_3_conv/BiasAdd/BiasAddGrad,5,345.162,69.0324,345.162,69.0324,0.00011168806139838856,0.9870849228265364,0.0,0.0
469,Device,BiasAddGrad,gradient_tape/model/resnet50/conv5_block1_0_conv/BiasAdd/BiasAddGrad,5,341.898,68.37960000000001,341.898,68.37960000000001,0.00011063189115831482,0.9871955547176947,0.0,0.0
470,Device,BiasAddGrad,gradient_tape/model/resnet50/conv5_block1_3_conv/BiasAdd/BiasAddGrad,5,339.466,67.89320000000001,339.466,67.89320000000001,0.00010984494078335789,0.9873053996584781,0.0,0.0
471,Device,BiasAdd,model/resnet50/conv5_block2_3_conv/BiasAdd,5,333.803,66.7606,333.803,66.7606,0.00010801249836009265,0.9874134121568382,0.0,0.0
472,Device,Transpose,gradient_tape/model/resnet50/conv5_block2_out/ReluGrad-0-1-TransposeNCHWToNHWC-LayoutOptimizer,5,332.618,66.5236,332.618,66.5236,0.00010762905420124234,0.9875210412110395,0.0,0.0
473,Device,Transpose,gradient_tape/model/resnet50/conv5_block3_out/ReluGrad-0-1-TransposeNCHWToNHWC-LayoutOptimizer,5,332.458,66.4916,332.458,66.4916,0.00010757728115025834,0.9876286184921897,0.0,0.0
474,Device,Transpose,gradient_tape/model/resnet50/conv5_block1_out/ReluGrad-0-0-TransposeNCHWToNHWC-LayoutOptimizer,5,332.299,66.4598,332.299,66.4598,0.00010752583168084297,0.9877361443238706,0.0,0.0
475,Device,Transpose,model/resnet50/conv5_block1_3_conv/BiasAdd-0-0-TransposeNCHWToNHWC-LayoutOptimizer,5,331.499,66.2998,331.499,66.2998,0.00010726696642592294,0.9878434112902965,0.0,0.0
476,Device,Transpose,model/resnet50/conv5_block3_3_conv/BiasAdd-0-0-TransposeNCHWToNHWC-LayoutOptimizer,5,330.218,66.0436,330.218,66.0436,0.00010685245843648223,0.987950263748733,0.0,0.0
477,Device,Transpose,model/resnet50/conv5_block3_out/Relu-0-0-TransposeNCHWToNHWC-LayoutOptimizer,5,329.354,65.8708,329.354,65.8708,0.00010657288396116857,0.9880568366326942,0.0,0.0
478,Device,BiasAdd,model/resnet50/conv5_block3_3_conv/BiasAdd,5,329.226,65.8452,329.226,65.8452,0.00010653146552038137,0.9881633680982146,0.0,0.0
479,Device,Transpose,model/resnet50/conv5_block1_0_conv/BiasAdd-0-0-TransposeNCHWToNHWC-LayoutOptimizer,5,328.778,65.7556,328.778,65.7556,0.00010638650097762616,0.9882697545991922,0.0,0.0
480,Device,Transpose,model/resnet50/conv5_block2_3_conv/BiasAdd-0-0-TransposeNCHWToNHWC-LayoutOptimizer,5,327.146,65.42920000000001,327.146,65.42920000000001,0.00010585841585758927,0.9883756130150498,0.0,0.0
481,Device,_FusedBatchNormEx,model/resnet50/conv3_block1_1_bn/FusedBatchNormV3,5,324.49,64.898,324.49,64.898,0.00010499898321125474,0.9884806119982611,0.0,0.0
482,Device,_FusedBatchNormEx,model/resnet50/conv3_block2_2_bn/FusedBatchNormV3,5,324.362,64.8724,324.362,64.8724,0.00010495756477046754,0.9885855695630316,0.0,0.0
483,Device,_FusedBatchNormEx,model/resnet50/conv3_block4_2_bn/FusedBatchNormV3,5,320.266,64.0532,320.266,64.0532,0.00010363217466527692,0.9886892017376968,0.0,0.0
484,Device,BiasAdd,model/resnet50/conv3_block4_1_conv/BiasAdd,5,319.626,63.9252,319.626,63.9252,0.00010342508246134088,0.9887926268201581,0.0,0.0
485,Device,_FusedBatchNormEx,model/resnet50/conv3_block2_1_bn/FusedBatchNormV3,5,318.89,63.778,318.89,63.778,0.00010318692642681445,0.988895813746585,0.0,0.0
486,Device,_FusedBatchNormEx,model/resnet50/conv3_block3_1_bn/FusedBatchNormV3,5,318.09,63.617999999999995,318.09,63.617999999999995,0.0001029280611718944,0.9889987418077568,0.0,0.0
487,Device,_FusedBatchNormEx,model/resnet50/conv3_block1_2_bn/FusedBatchNormV3,5,317.641,63.528200000000005,317.641,63.528200000000005,0.00010278277304757054,0.9891015245808044,0.0,0.0
488,Device,_FusedBatchNormEx,model/resnet50/conv3_block3_2_bn/FusedBatchNormV3,5,316.458,63.2916,316.458,63.2916,0.00010239997605185754,0.9892039245568562,0.0,0.0
489,Device,_FusedBatchNormEx,model/resnet50/conv3_block4_1_bn/FusedBatchNormV3,5,316.202,63.2404,316.202,63.2404,0.00010231713917028312,0.9893062416960265,0.0,0.0
490,Device,BiasAdd,model/resnet50/conv3_block2_1_conv/BiasAdd,5,314.666,62.9332,314.666,62.9332,0.00010182011788083664,0.9894080618139074,0.0,0.0
491,Device,BiasAdd,model/resnet50/conv3_block1_2_conv/BiasAdd,5,313.834,62.7668,313.834,62.7668,0.0001015508980157198,0.9895096127119231,0.0,0.0
492,Device,BiasAdd,model/resnet50/conv3_block4_2_conv/BiasAdd,5,309.897,61.9794,309.897,61.9794,0.00010027695737994455,0.989609889669303,0.0,0.0
493,Device,BiasAdd,model/resnet50/conv3_block3_2_conv/BiasAdd,5,305.066,61.0132,305.066,61.0132,9.871373482179615e-05,0.9897086034041248,0.0,0.0
494,Device,Transpose,gradient_tape/model/resnet50/conv3_block3_2_conv/Conv2D/Conv2DBackpropFilter-2-TransposeNHWCToNCHW-LayoutOptimizer,5,299.977,59.9954,299.977,59.9954,9.706702821893604e-05,0.9898056704323438,0.0,0.0
495,Device,Transpose,gradient_tape/model/resnet50/conv3_block4_1_conv/Conv2D/Conv2DBackpropFilter-2-TransposeNHWCToNCHW-LayoutOptimizer,5,296.809,59.3618,296.809,59.3618,9.60419218094527e-05,0.9899017123541533,0.0,0.0
496,Device,Transpose,gradient_tape/model/resnet50/conv3_block2_2_conv/Conv2D/Conv2DBackpropFilter-2-TransposeNHWCToNCHW-LayoutOptimizer,5,295.786,59.1572,295.786,59.1572,9.57108978647237e-05,0.989997423252018,0.0,0.0
497,Device,Transpose,gradient_tape/model/resnet50/conv3_block3_1_conv/Conv2D/Conv2DBackpropFilter-2-TransposeNHWCToNCHW-LayoutOptimizer,5,294.953,58.99059999999999,294.953,58.99059999999999,9.54413544180382e-05,0.9900928646064361,0.0,0.0
498,Device,Transpose,model/resnet50/conv3_block1_1_conv/BiasAdd-0-0-TransposeNCHWToNHWC-LayoutOptimizer,5,294.824,58.964800000000004,294.824,58.964800000000004,9.539961239568235e-05,0.9901882642188318,0.0,0.0
499,Device,Transpose,gradient_tape/model/resnet50/conv3_block1_1_conv/Conv2D/Conv2DBackpropFilter-2-TransposeNHWCToNCHW-LayoutOptimizer,5,294.729,58.9458,294.729,58.9458,9.53688721466606e-05,0.9902836330909784,0.0,0.0
500,Device,Transpose,gradient_tape/model/resnet50/conv3_block2_1_conv/Conv2D/Conv2DBackpropFilter-2-TransposeNHWCToNCHW-LayoutOptimizer,5,292.489,58.4978,292.489,58.4978,9.464404943288447e-05,0.9903782771404114,0.0,0.0
501,Host,IDLE,IDLE,0,18456009.703,0.0,18456009.703,0.0,0.0,0.0,0.9837103966962529,0.9837103966962529
502,Host,_Recv,Func/model/sequential/random_rotation/loop_body/stateful_uniform/Bitcast_1/pfor/while/body/_108/input/_327/_42,25,55777.498,2231.09992,55777.498,2231.09992,0.0,0.0,0.0029729559946744923,0.9866833526909274
503,Host,_HostRecv,model/sequential/random_rotation/loop_body/stateful_uniform/Bitcast/pfor/while/LoopCond/_86/_70,25,55741.238,2229.64952,55741.238,2229.64952,0.0,0.0,0.0029710233266948905,0.9896543760176223
504,Host,_Recv,Func/model/sequential/random_rotation/loop_body/stateful_uniform/Bitcast_1/pfor/while/body/_108/input/_326/_44,25,55613.396,2224.53584,55613.396,2224.53584,0.0,0.0,0.002964209312909777,0.992618585330532
505,Host,_Recv,model/sequential/random_rotation/loop_body/stateful_uniform/Bitcast_1/pfor/while/body/_108/model/sequential/random_rotation/loop_body/stateful_uniform/Bitcast_1/pfor/while/ExpandDims/_46,25,55602.609,2224.10436,55602.609,2224.10436,0.0,0.0,0.0029636343628409415,0.995582219693373
506,Host,_HostRecv,model/sequential/random_rotation/loop_body/stateful_uniform/Bitcast_1/pfor/while/LoopCond/_121/_68,25,55515.506,2220.62024,55515.506,2220.62024,0.0,0.0,0.0029589917489681546,0.9985412114423412
507,Host,_Send,model/sequential/random_rotation/loop_body/stateful_uniform/Bitcast/pfor/while/body/_73/model/sequential/random_rotation/loop_body/stateful_uniform/Bitcast/pfor/while/TensorArrayV2Write/TensorListSetItem/_55,25,11012.153,440.48612,11012.153,440.48612,0.0,0.0,0.0005869507857025551,0.9991281622280438
508,Host,_Send,model/sequential/random_rotation/loop_body/stateful_uniform/Bitcast_1/pfor/while/body/_108/model/sequential/random_rotation/loop_body/stateful_uniform/Bitcast_1/pfor/while/TensorArrayV2Write/TensorListSetItem/_53,25,10673.84,426.9536,10673.84,426.9536,0.0,0.0,0.0005689186096908898,0.9996970808377347
509,Host,_Recv,Func/model/sequential/random_rotation/loop_body/stateful_uniform/Bitcast/pfor/while/body/_73/input/_303/_50,25,1030.974,41.23896,1030.974,41.23896,0.0,0.0,5.495119794820377e-05,0.9997520320356829
510,Host,_Recv,model/sequential/random_rotation/loop_body/stateful_uniform/Bitcast/pfor/while/body/_73/model/sequential/random_rotation/loop_body/stateful_uniform/Bitcast/pfor/while/ExpandDims/_52,25,895.105,35.8042,895.105,35.8042,0.0,0.0,4.7709342853871135e-05,0.9997997413785368
511,Host,_Recv,Func/model/sequential/random_rotation/loop_body/stateful_uniform/Bitcast/pfor/while/body/_73/input/_304/_48,25,869.626,34.78504,869.626,34.78504,0.0,0.0,4.635130514145328e-05,0.9998460926836782
512,Host,_Send,model/sequential/random_rotation/loop_body/stateful_uniform/Bitcast_1/pfor/TensorListConcatV2/_35,5,775.417,155.0834,775.417,155.0834,0.0,0.0,4.132993951292887e-05,0.9998874226231911
513,Host,_Send,model/sequential/random_rotation/loop_body/stateful_uniform/Bitcast/pfor/TensorListConcatV2/_37,5,750.169,150.03379999999999,750.169,150.03379999999999,0.0,0.0,3.998421416408763e-05,0.9999274068373551
514,Host,TensorListConcatV2,model/sequential/random_rotation/loop_body/stateful_uniform/Bitcast_1/pfor/TensorListConcatV2,5,376.811,75.3622,376.811,75.3622,0.0,0.0,2.008413000721707e-05,0.9999474909673624
515,Host,TensorListConcatV2,model/sequential/random_rotation/loop_body/stateful_uniform/Bitcast/pfor/TensorListConcatV2,5,301.258,60.251599999999996,301.258,60.251599999999996,0.0,0.0,1.6057134313261026e-05,0.9999635481016756
516,Host,TensorListSetItem,model/sequential/random_rotation/loop_body/stateful_uniform/Bitcast/pfor/while/body/_73/model/sequential/random_rotation/loop_body/stateful_uniform/Bitcast/pfor/while/TensorArrayV2Write/TensorListSetItem,20,207.876,10.3938,207.876,10.3938,0.0,0.0,1.1079848012346391e-05,0.9999746279496879
517,Host,TensorListSetItem,model/sequential/random_rotation/loop_body/stateful_uniform/Bitcast_1/pfor/while/body/_108/model/sequential/random_rotation/loop_body/stateful_uniform/Bitcast_1/pfor/while/TensorArrayV2Write/TensorListSetItem,20,187.787,9.38935,187.787,9.38935,0.0,0.0,1.0009098783382843e-05,0.9999846370484713
518,Host,_Recv,model/sequential/random_rotation/loop_body/stateful_uniform/Bitcast_1/pfor/while/exit/_132/_30,5,157.798,31.5596,157.798,31.5596,0.0,0.0,8.410676829707305e-06,0.999993047725301
519,Host,_Recv,model/sequential/random_rotation/loop_body/stateful_uniform/Bitcast/pfor/while/exit/_97/_32,5,130.436,26.087200000000003,130.436,26.087200000000003,0.0,0.0,6.952274699043727e-06,1.0
