Rank,Host/device,Type,Operation,#Occurrences,Total time (us),Avg. time (us),Total self-time (us),Avg. self-time (us),Total self-time on Device (%),Cumulative total-self time on Device (%),Total self-time on Host (%),Cumulative total-self time on Host (%)
1,Device,IDLE,IDLE,0,266485.195,0.0,266485.195,0.0,0.20811601947007988,0.20811601947007988,0.0,0.0
2,Device,Conv2DBackpropFilter,gradient_tape/model/resnet50/conv5_block3_2_conv/Conv2D/Conv2DBackpropFilter,10,17527.646,1752.7646,17527.646,1752.7646,0.013688504970044087,0.22180452444012397,0.0,0.0
3,Device,Conv2DBackpropFilter,gradient_tape/model/resnet50/conv5_block2_2_conv/Conv2D/Conv2DBackpropFilter,10,17426.041,1742.6041,17426.041,1742.6041,0.013609154865216473,0.23541367930534043,0.0,0.0
4,Device,Conv2DBackpropFilter,gradient_tape/model/resnet50/conv5_block1_2_conv/Conv2D/Conv2DBackpropFilter,10,17394.328,1739.4328,17394.328,1739.4328,0.013584388073479864,0.2489980673788203,0.0,0.0
5,Device,Conv2DBackpropInput,gradient_tape/model/resnet50/conv5_block1_0_conv/Conv2D/Conv2DBackpropInput,5,14569.96,2913.9919999999997,14569.96,2913.9919999999997,0.011378651181872541,0.26037671856069283,0.0,0.0
6,Device,Conv2D,model/resnet50/conv5_block1_0_conv/Conv2D,5,14064.654,2812.9308,14064.654,2812.9308,0.010984024105744174,0.271360742666437,0.0,0.0
7,Device,Conv2D,model/resnet50/conv5_block1_2_conv/Conv2D,10,13133.95,1313.395,13133.95,1313.395,0.010257175427396842,0.28161791809383385,0.0,0.0
8,Device,Conv2D,model/resnet50/conv5_block2_2_conv/Conv2D,10,12509.822,1250.9822,12509.822,1250.9822,0.009769752345601164,0.29138767043943503,0.0,0.0
9,Device,Conv2D,model/resnet50/conv5_block3_2_conv/Conv2D,10,11427.365,1142.7365,11427.365,1142.7365,0.008924389652609816,0.30031206009204486,0.0,0.0
10,Device,Conv2DBackpropInput,gradient_tape/model/resnet50/conv5_block3_2_conv/Conv2D/Conv2DBackpropInput,10,11317.507,1131.7507,11317.507,1131.7507,0.008838594230965684,0.30915065432301053,0.0,0.0
11,Device,Conv2DBackpropInput,gradient_tape/model/resnet50/conv5_block1_2_conv/Conv2D/Conv2DBackpropInput,10,11294.272,1129.4272,11294.272,1129.4272,0.008820448473516054,0.3179711027965266,0.0,0.0
12,Device,Conv2DBackpropInput,gradient_tape/model/resnet50/conv5_block2_2_conv/Conv2D/Conv2DBackpropInput,10,11271.04,1127.104,11271.04,1127.104,0.008802305058966032,0.3267734078554926,0.0,0.0
13,Device,FusedBatchNormGradV3,gradient_tape/model/resnet50/conv2_block1_3_bn/FusedBatchNormGradV3,10,9267.099,926.7099000000001,9267.099,926.7099000000001,0.007237294199083585,0.33401070205457617,0.0,0.0
14,Device,Conv2DBackpropInput,gradient_tape/model/resnet50/conv4_block1_0_conv/Conv2D/Conv2DBackpropInput,10,9174.995,917.4995000000001,9174.995,917.4995000000001,0.007165364057308646,0.34117606611188483,0.0,0.0
15,Device,Conv2DBackpropFilter,gradient_tape/model/resnet50/conv1_conv/Conv2D/Conv2DBackpropFilter,10,9067.44,906.744,9067.44,906.744,0.007081367201595501,0.34825743331348036,0.0,0.0
16,Device,Conv2D,model/resnet50/conv3_block1_0_conv/Conv2D,5,7855.954,1571.1907999999999,7855.954,1571.1907999999999,0.006135237177510187,0.35439267049099055,0.0,0.0
17,Device,FusedBatchNormGradV3,gradient_tape/model/resnet50/conv2_block1_0_bn/FusedBatchNormGradV3,10,7543.262,754.3262,7543.262,754.3262,0.005891035189628128,0.3602837056806187,0.0,0.0
18,Device,FusedBatchNormGradV3,gradient_tape/model/resnet50/conv2_block2_3_bn/FusedBatchNormGradV3,10,7510.497,751.0497,7510.497,751.0497,0.005865446821096296,0.366149152501715,0.0,0.0
19,Device,Conv2D,model/resnet50/conv1_conv/Conv2D,5,7500.861,1500.1722,7500.861,1500.1722,0.0058579214275613425,0.37200707392927634,0.0,0.0
20,Device,FusedBatchNormGradV3,gradient_tape/model/resnet50/conv2_block3_3_bn/FusedBatchNormGradV3,10,7468.862,746.8862,7468.862,746.8862,0.005832931279395615,0.37784000520867195,0.0,0.0
21,Device,FusedBatchNormGradV3,gradient_tape/model/resnet50/conv1_bn/FusedBatchNormGradV3,10,7431.387,743.1387,7431.387,743.1387,0.005803664558482127,0.3836436697671541,0.0,0.0
22,Device,MaxPoolGrad,gradient_tape/model/resnet50/pool1_pool/MaxPool/MaxPoolGrad,5,7386.586,1477.3172,7386.586,1477.3172,0.005768676476730422,0.3894123462438845,0.0,0.0
23,Device,Conv2D,model/resnet50/conv4_block1_0_conv/Conv2D,5,7008.741,1401.7482,7008.741,1401.7482,0.0054735921761685374,0.39488593842005304,0.0,0.0
24,Device,Conv2DBackpropInput,gradient_tape/model/resnet50/conv3_block1_0_conv/Conv2D/Conv2DBackpropInput,10,6859.902,685.9902,6859.902,685.9902,0.00535735389800863,0.40024329231806166,0.0,0.0
25,Device,Conv2DBackpropFilter,gradient_tape/model/resnet50/conv4_block5_2_conv/Conv2D/Conv2DBackpropFilter,10,6670.934,667.0934,6670.934,667.0934,0.005209776213750328,0.405453068531812,0.0,0.0
26,Device,Conv2D,model/resnet50/conv5_block1_1_conv/Conv2D,5,5935.6,1187.1200000000001,5935.6,1187.1200000000001,0.004635504967420821,0.41008857349923283,0.0,0.0
27,Device,Conv2D,model/resnet50/conv4_block2_2_conv/Conv2D,10,5709.667,570.9667000000001,5709.667,570.9667000000001,0.004459058855182077,0.4145476323544149,0.0,0.0
28,Device,Conv2DBackpropFilter,gradient_tape/model/resnet50/conv5_block1_0_conv/Conv2D/Conv2DBackpropFilter,10,5697.379,569.7379,5697.379,569.7379,0.004449462338395288,0.41899709469281016,0.0,0.0
29,Device,Conv2DBackpropFilter,gradient_tape/model/resnet50/conv3_block1_0_conv/Conv2D/Conv2DBackpropFilter,10,5274.604,527.4604,5274.604,527.4604,0.004119289211398635,0.4231163839042088,0.0,0.0
30,Device,Conv2D,model/resnet50/conv5_block2_1_conv/Conv2D,5,5205.739,1041.1478,5205.739,1041.1478,0.004065507950939466,0.42718189185514827,0.0,0.0
31,Device,Conv2DBackpropFilter,gradient_tape/model/resnet50/conv4_block6_2_conv/Conv2D/Conv2DBackpropFilter,10,4832.405,483.2405,4832.405,483.2405,0.003773946590418696,0.43095583844556695,0.0,0.0
32,Device,Conv2DBackpropFilter,gradient_tape/model/resnet50/conv4_block4_2_conv/Conv2D/Conv2DBackpropFilter,10,4781.969,478.1969,4781.969,478.1969,0.0037345577622401064,0.4346903962078071,0.0,0.0
33,Device,Conv2DBackpropFilter,gradient_tape/model/resnet50/conv4_block3_2_conv/Conv2D/Conv2DBackpropFilter,10,4590.536,459.0536,4590.536,459.0536,0.003585054995472085,0.43827545120327915,0.0,0.0
34,Device,Conv2DBackpropFilter,gradient_tape/model/resnet50/conv4_block2_2_conv/Conv2D/Conv2DBackpropFilter,10,4554.634,455.4634,4554.634,455.4634,0.0035570167349187553,0.4418324679381979,0.0,0.0
35,Device,Conv2DBackpropFilter,gradient_tape/model/resnet50/conv4_block1_2_conv/Conv2D/Conv2DBackpropFilter,10,4539.625,453.9625,4539.625,453.9625,0.003545295208189188,0.4453777631463871,0.0,0.0
36,Device,Conv2DBackpropFilter,gradient_tape/model/resnet50/conv4_block1_0_conv/Conv2D/Conv2DBackpropFilter,10,4538.503,453.85029999999995,4538.503,453.85029999999995,0.003544418963736488,0.4489221821101236,0.0,0.0
37,Device,Conv2DBackpropInput,gradient_tape/model/resnet50/conv5_block1_1_conv/Conv2D/Conv2DBackpropInput,5,4408.735,881.747,4408.735,881.747,0.003443074498372874,0.45236525660849647,0.0,0.0
38,Device,Conv2D,model/resnet50/conv3_block2_2_conv/Conv2D,10,4335.967,433.59669999999994,4335.967,433.59669999999994,0.003386245125526106,0.45575150173402257,0.0,0.0
39,Device,Conv2DBackpropInput,gradient_tape/model/resnet50/conv3_block1_1_conv/Conv2D/Conv2DBackpropInput,10,4272.665,427.2665,4272.665,427.2665,0.0033368083819032756,0.4590883101159258,0.0,0.0
40,Device,Slice,gradient_tape/model/resnet50/pool1_pad/Slice_1,5,4242.809,848.5618000000001,4242.809,848.5618000000001,0.0033134918450228733,0.4624018019609487,0.0,0.0
41,Device,Conv2DBackpropFilter,gradient_tape/model/resnet50/conv4_block5_3_conv/Conv2D/Conv2DBackpropFilter,5,4177.62,835.524,4177.62,835.524,0.003262581417547774,0.46566438337849647,0.0,0.0
42,Device,Conv2D,model/resnet50/conv4_block1_2_conv/Conv2D,10,4107.505,410.7505,4107.505,410.7505,0.003207823948919378,0.46887220732741586,0.0,0.0
43,Device,Conv2D,model/resnet50/conv4_block6_2_conv/Conv2D,10,4093.683,409.3683,4093.683,409.3683,0.0031970294294673108,0.47206923675688317,0.0,0.0
44,Device,Conv2D,model/resnet50/conv4_block3_2_conv/Conv2D,10,4077.905,407.7905,4077.905,407.7905,0.003184707339472034,0.4752539440963552,0.0,0.0
45,Device,Conv2D,model/resnet50/conv4_block4_2_conv/Conv2D,10,4073.392,407.3392,4073.392,407.3392,0.003181182837497849,0.47843512693385304,0.0,0.0
46,Device,Conv2D,model/resnet50/conv4_block5_2_conv/Conv2D,10,4069.455,406.9455,4069.455,406.9455,0.003178108172248045,0.4816132351061011,0.0,0.0
47,Device,Conv2DBackpropInput,gradient_tape/model/resnet50/conv4_block5_2_conv/Conv2D/Conv2DBackpropInput,10,4049.839,404.9839,4049.839,404.9839,0.0031627887326899674,0.4847760238387911,0.0,0.0
48,Device,Conv2DBackpropInput,gradient_tape/model/resnet50/conv4_block6_2_conv/Conv2D/Conv2DBackpropInput,10,4043.696,404.3696,4043.696,404.3696,0.003157991255263108,0.4879340150940542,0.0,0.0
49,Device,Conv2DBackpropInput,gradient_tape/model/resnet50/conv4_block1_2_conv/Conv2D/Conv2DBackpropInput,10,4040.107,404.0107,4040.107,404.0107,0.0031551883663676174,0.49108920346042184,0.0,0.0
50,Device,ReluGrad,gradient_tape/model/resnet50/conv1_relu/ReluGrad,5,4039.243,807.8486,4039.243,807.8486,0.0031545136112810465,0.4942437170717029,0.0,0.0
51,Device,Conv2DBackpropInput,gradient_tape/model/resnet50/conv4_block2_2_conv/Conv2D/Conv2DBackpropInput,10,4038.765,403.87649999999996,4038.765,403.87649999999996,0.003154140309277133,0.49739785738098,0.0,0.0
52,Device,Conv2DBackpropInput,gradient_tape/model/resnet50/conv4_block4_2_conv/Conv2D/Conv2DBackpropInput,10,4025.776,402.57759999999996,4025.776,402.57759999999996,0.00314399633494904,0.5005418537159291,0.0,0.0
53,Device,Conv2DBackpropInput,gradient_tape/model/resnet50/conv4_block3_2_conv/Conv2D/Conv2DBackpropInput,10,4004.782,400.4782,4004.782,400.4782,0.0031276007235052044,0.5036694544394342,0.0,0.0
54,Device,Conv2DBackpropInput,gradient_tape/model/resnet50/conv5_block3_1_conv/Conv2D/Conv2DBackpropInput,5,3996.14,799.228,3996.14,799.228,0.003120851610706422,0.5067903060501406,0.0,0.0
55,Device,Conv2DBackpropInput,gradient_tape/model/resnet50/conv5_block2_1_conv/Conv2D/Conv2DBackpropInput,5,3993.996,798.7992,3993.996,798.7992,0.0031191772184545608,0.5099094832685952,0.0,0.0
56,Device,Conv2D,model/resnet50/conv5_block1_3_conv/Conv2D,5,3910.887,782.1774,3910.887,782.1774,0.0030542718706653943,0.5129637551392606,0.0,0.0
57,Device,Conv2D,model/resnet50/conv5_block2_3_conv/Conv2D,5,3901.99,780.3979999999999,3901.99,780.3979999999999,0.003047323611400089,0.5160110787506608,0.0,0.0
58,Device,ReluGrad,gradient_tape/model/resnet50/conv2_block1_out/ReluGrad,5,3900.774,780.1548,3900.774,780.1548,0.003046373956093063,0.5190574527067539,0.0,0.0
59,Device,ReluGrad,gradient_tape/model/resnet50/conv2_block2_out/ReluGrad,5,3899.207,779.8414,3899.207,779.8414,0.0030451501815321174,0.5221026028882859,0.0,0.0
60,Device,FusedBatchNormGradV3,gradient_tape/model/resnet50/conv3_block3_3_bn/FusedBatchNormGradV3,10,3898.627,389.8627,3898.627,389.8627,0.003044697220941595,0.5251473001092275,0.0,0.0
61,Device,FusedBatchNormGradV3,gradient_tape/model/resnet50/conv3_block4_3_bn/FusedBatchNormGradV3,10,3896.871,389.6871,3896.871,389.6871,0.003043325843705462,0.528190625952933,0.0,0.0
62,Device,FusedBatchNormGradV3,gradient_tape/model/resnet50/conv3_block1_0_bn/FusedBatchNormGradV3,10,3895.049,389.5049,3895.049,389.5049,0.003041902922677994,0.531232528875611,0.0,0.0
63,Device,FusedBatchNormGradV3,gradient_tape/model/resnet50/conv3_block2_3_bn/FusedBatchNormGradV3,10,3892.804,389.2804,3892.804,389.2804,0.0030401496528060586,0.5342726785284171,0.0,0.0
64,Device,ReluGrad,gradient_tape/model/resnet50/conv2_block3_out/ReluGrad,5,3884.327,776.8654,3884.327,776.8654,0.003033529399485615,0.5373062079279027,0.0,0.0
65,Device,Conv2D,model/resnet50/conv5_block3_3_conv/Conv2D,5,3873.189,774.6378,3873.189,774.6378,0.003024830994214516,0.5403310389221172,0.0,0.0
66,Device,FusedBatchNormGradV3,gradient_tape/model/resnet50/conv3_block1_3_bn/FusedBatchNormGradV3,10,3871.812,387.1812,3871.812,387.1812,0.0030237556032952934,0.5433547945254125,0.0,0.0
67,Device,Conv2DBackpropInput,gradient_tape/model/resnet50/conv2_block1_3_conv/Conv2D/Conv2DBackpropInput,5,3841.733,768.3466000000001,3841.733,768.3466000000001,0.003000264910877501,0.5463550594362899,0.0,0.0
68,Device,Pad,model/resnet50/pool1_pad/Pad,5,3805.539,761.1078,3805.539,761.1078,0.0029719986080958393,0.5493270580443858,0.0,0.0
69,Device,Conv2DBackpropFilter,gradient_tape/model/resnet50/conv2_block1_2_conv/Conv2D/Conv2DBackpropFilter,10,3659.547,365.9547,3659.547,365.9547,0.002857983741662168,0.5521850417860479,0.0,0.0
70,Device,Conv2DBackpropFilter,gradient_tape/model/resnet50/conv2_block2_2_conv/Conv2D/Conv2DBackpropFilter,10,3648.281,364.8281,3648.281,364.8281,0.0028491853726745403,0.5550342271587224,0.0,0.0
71,Device,Conv2DBackpropInput,gradient_tape/model/resnet50/conv5_block2_3_conv/Conv2D/Conv2DBackpropInput,5,3640.986,728.1972,3640.986,728.1972,0.002843488221798919,0.5578777153805213,0.0,0.0
72,Device,Conv2DBackpropInput,gradient_tape/model/resnet50/conv5_block3_3_conv/Conv2D/Conv2DBackpropInput,5,3633.531,726.7062,3633.531,726.7062,0.0028376661162776372,0.560715381496799,0.0,0.0
73,Device,Conv2DBackpropInput,gradient_tape/model/resnet50/conv5_block1_3_conv/Conv2D/Conv2DBackpropInput,5,3632.731,726.5462,3632.731,726.5462,0.002837041343049331,0.5635524228398483,0.0,0.0
74,Device,Conv2DBackpropFilter,gradient_tape/model/resnet50/conv2_block3_2_conv/Conv2D/Conv2DBackpropFilter,10,3631.096,363.1096,3631.096,363.1096,0.0028357644627639788,0.5663881873026123,0.0,0.0
75,Device,Conv2D,model/resnet50/conv5_block3_1_conv/Conv2D,5,3487.89,697.578,3487.89,697.578,0.002723925369097885,0.5691121126717102,0.0,0.0
76,Device,Conv2DBackpropInput,gradient_tape/model/resnet50/conv4_block1_1_conv/Conv2D/Conv2DBackpropInput,10,3472.948,347.2948,3472.948,347.2948,0.0027122561671261885,0.5718243688388365,0.0,0.0
77,Device,BiasAdd,model/resnet50/conv3_block4_3_conv/BiasAdd,5,3433.327,686.6654000000001,3433.327,686.6654000000001,0.002681313492027769,0.5745056823308642,0.0,0.0
78,Device,Conv2D,model/resnet50/conv4_block6_3_conv/Conv2D,5,3301.735,660.347,3301.735,660.347,0.0025785445437036163,0.5770842268745678,0.0,0.0
79,Device,ImageProjectiveTransformV3,model/sequential/random_rotation/loop_body/transform/ImageProjectiveTransformV3/pfor/while/body/_193/model/sequential/random_rotation/loop_body/transform/ImageProjectiveTransformV3/pfor/while/ImageProjectiveTransformV3,20,3225.058,161.2529,3225.058,161.2529,0.0025186623726700347,0.5796028892472379,0.0,0.0
80,Device,AddV2,model/resnet50/conv2_block1_add/add,5,3141.697,628.3394000000001,3141.697,628.3394000000001,0.0024535602213139516,0.5820564494685518,0.0,0.0
81,Device,Conv2D,model/resnet50/conv4_block1_1_conv/Conv2D,5,3114.911,622.9822,3114.911,622.9822,0.002432641251697176,0.584489090720249,0.0,0.0
82,Device,AddV2,model/resnet50/conv2_block3_add/add,5,3094.654,618.9308,3094.654,618.9308,0.0024168212125899174,0.5869059119328389,0.0,0.0
83,Device,AddV2,model/resnet50/conv2_block2_add/add,5,3084.639,616.9278,3084.639,616.9278,0.002408999832738054,0.5893149117655769,0.0,0.0
84,Device,AddN,AddN_14,5,3077.981,615.5962000000001,3077.981,615.5962000000001,0.0024038001575454725,0.5917187119231224,0.0,0.0
85,Device,AddN,AddN_12,5,3061.821,612.3642,3061.821,612.3642,0.002391179738333679,0.5941098916614561,0.0,0.0
86,Device,AddN,AddN_13,5,3058.204,611.6408,3058.204,611.6408,0.002388354982375198,0.5964982466438313,0.0,0.0
87,Device,Conv2DBackpropFilter,gradient_tape/model/resnet50/conv3_block3_2_conv/Conv2D/Conv2DBackpropFilter,10,3050.814,305.0814,3050.814,305.0814,0.0023825836396787156,0.59888083028351,0.0,0.0
88,Device,Conv2DBackpropFilter,gradient_tape/model/resnet50/conv3_block4_2_conv/Conv2D/Conv2DBackpropFilter,10,3048.475,304.84749999999997,3048.475,304.84749999999997,0.0023807569589524543,0.6012615872424625,0.0,0.0
89,Device,Conv2DBackpropFilter,gradient_tape/model/resnet50/conv3_block2_2_conv/Conv2D/Conv2DBackpropFilter,10,3048.06,304.806,3048.06,304.806,0.00238043285784027,0.6036420201003028,0.0,0.0
90,Device,Conv2D,model/resnet50/conv2_block1_2_conv/Conv2D,10,3040.637,304.06370000000004,3040.637,304.06370000000004,0.0023746357432481205,0.6060166558435509,0.0,0.0
91,Device,Conv2DBackpropFilter,gradient_tape/model/resnet50/conv3_block1_2_conv/Conv2D/Conv2DBackpropFilter,10,3023.452,302.34520000000003,3023.452,302.34520000000003,0.0023612148333375595,0.6083778706768884,0.0,0.0
92,Device,Conv2D,model/resnet50/conv2_block2_2_conv/Conv2D,10,2992.313,299.23130000000003,2992.313,299.23130000000003,0.0023368963163922602,0.6107147669932806,0.0,0.0
93,Device,Conv2D,model/resnet50/conv2_block3_2_conv/Conv2D,10,2984.854,298.48539999999997,2984.854,298.48539999999997,0.002331071087004836,0.6130458380802855,0.0,0.0
94,Device,Conv2DBackpropFilter,gradient_tape/model/resnet50/conv5_block2_1_conv/Conv2D/Conv2DBackpropFilter,10,2965.368,296.53679999999997,2965.368,296.53679999999997,0.0023158531730963585,0.6153616912533818,0.0,0.0
95,Device,Conv2DBackpropInput,gradient_tape/model/resnet50/conv2_block1_2_conv/Conv2D/Conv2DBackpropInput,10,2954.9,295.49,2954.9,295.49,0.002307678015403967,0.6176693692687858,0.0,0.0
96,Device,Conv2DBackpropFilter,gradient_tape/model/resnet50/conv5_block3_1_conv/Conv2D/Conv2DBackpropFilter,10,2948.022,294.80219999999997,2948.022,294.80219999999997,0.0023023065275736003,0.6199716757963594,0.0,0.0
97,Device,Conv2DBackpropInput,gradient_tape/model/resnet50/conv2_block2_2_conv/Conv2D/Conv2DBackpropInput,10,2917.874,291.7874,2917.874,291.7874,0.0022787619484648663,0.6222504377448242,0.0,0.0
98,Device,Conv2DBackpropInput,gradient_tape/model/resnet50/conv2_block3_2_conv/Conv2D/Conv2DBackpropInput,10,2908.885,290.8885,2908.885,290.8885,0.0022717418402783064,0.6245221795851026,0.0,0.0
99,Device,Conv2DBackpropInput,gradient_tape/model/resnet50/conv4_block4_3_conv/Conv2D/Conv2DBackpropInput,5,2884.561,576.9122,2884.561,576.9122,0.0022527456102716444,0.6267749251953743,0.0,0.0
100,Device,Conv2DBackpropFilter,gradient_tape/model/resnet50/conv3_block1_1_conv/Conv2D/Conv2DBackpropFilter,5,2877.906,575.5812,2877.906,575.5812,0.0022475482779786685,0.6290224734733529,0.0,0.0
101,Device,Conv2DBackpropFilter,gradient_tape/model/resnet50/conv5_block2_3_conv/Conv2D/Conv2DBackpropFilter,10,2859.376,285.93760000000003,2859.376,285.93760000000003,0.002233076968078017,0.631255550441431,0.0,0.0
102,Device,Conv2DBackpropFilter,gradient_tape/model/resnet50/conv5_block3_3_conv/Conv2D/Conv2DBackpropFilter,10,2830.096,283.0096,2830.096,283.0096,0.0022102102679219956,0.633465760709353,0.0,0.0
103,Device,Conv2DBackpropFilter,gradient_tape/model/resnet50/conv5_block1_3_conv/Conv2D/Conv2DBackpropFilter,10,2777.072,277.7072,2777.072,277.7072,0.002168800298349834,0.6356345610077029,0.0,0.0
104,Device,Conv2DBackpropInput,gradient_tape/model/resnet50/conv3_block4_2_conv/Conv2D/Conv2DBackpropInput,10,2717.995,271.79949999999997,2717.995,271.79949999999997,0.0021226631383389977,0.6377572241460419,0.0,0.0
105,Device,Conv2DBackpropInput,gradient_tape/model/resnet50/conv3_block3_2_conv/Conv2D/Conv2DBackpropInput,10,2713.256,271.3256,2713.256,271.3256,0.002118962137927816,0.6398761862839697,0.0,0.0
106,Device,Conv2DBackpropInput,gradient_tape/model/resnet50/conv3_block1_2_conv/Conv2D/Conv2DBackpropInput,10,2700.362,270.0362,2700.362,270.0362,0.0021088923554205847,0.6419850786393902,0.0,0.0
107,Device,Conv2DBackpropInput,gradient_tape/model/resnet50/conv3_block2_2_conv/Conv2D/Conv2DBackpropInput,10,2698.341,269.8341,2698.341,269.8341,0.0021073140220525754,0.6440923926614428,0.0,0.0
108,Device,Conv2D,model/resnet50/conv3_block1_2_conv/Conv2D,10,2638.76,263.87600000000003,2638.76,263.87600000000003,0.002060783254907906,0.6461531759163507,0.0,0.0
109,Device,Conv2D,model/resnet50/conv3_block3_2_conv/Conv2D,10,2609.511,260.9511,2609.511,260.9511,0.002037940764714481,0.6481911166810652,0.0,0.0
110,Device,Conv2D,model/resnet50/conv3_block4_2_conv/Conv2D,10,2606.661,260.66610000000003,2606.661,260.66610000000003,0.0020357150100886387,0.6502268316911538,0.0,0.0
111,Device,AddN,AddN_4,5,2567.458,513.4916000000001,2567.458,513.4916000000001,0.0020050987790020095,0.6522319304701558,0.0,0.0
112,Device,BiasAdd,model/resnet50/conv2_block1_3_conv/BiasAdd,5,2522.753,504.55060000000003,2522.753,504.55060000000003,0.0019701856700377013,0.6542021161401935,0.0,0.0
113,Device,FusedBatchNormV3,model/resnet50/conv2_block1_3_bn/FusedBatchNormV3,5,2521.344,504.2688,2521.344,504.2688,0.0019690852881893463,0.6561712014283829,0.0,0.0
114,Device,FusedBatchNormV3,model/resnet50/conv2_block3_3_bn/FusedBatchNormV3,5,2519.648,503.92960000000005,2519.648,503.92960000000005,0.001967760768945336,0.6581389621973283,0.0,0.0
115,Device,FusedBatchNormV3,model/resnet50/conv2_block1_0_bn/FusedBatchNormV3,5,2517.631,503.52619999999996,2517.631,503.52619999999996,0.0019661855594434677,0.6601051477567718,0.0,0.0
116,Device,BiasAdd,model/resnet50/conv2_block1_0_conv/BiasAdd,5,2512.704,502.54080000000005,2512.704,502.54080000000005,0.001962337737323635,0.6620674854940954,0.0,0.0
117,Device,BiasAdd,model/resnet50/conv2_block3_3_conv/BiasAdd,5,2512.032,502.4064,2512.032,502.4064,0.0019618129278118576,0.6640292984219073,0.0,0.0
118,Device,BiasAdd,model/resnet50/conv1_conv/BiasAdd,5,2508.159,501.6318,2508.159,501.6318,0.001958788244420318,0.6659880866663276,0.0,0.0
119,Device,FusedBatchNormV3,model/resnet50/conv2_block2_3_bn/FusedBatchNormV3,5,2504.832,500.96639999999996,2504.832,500.96639999999996,0.0019561899687570976,0.6679442766350847,0.0,0.0
120,Device,BiasAdd,model/resnet50/conv2_block2_3_conv/BiasAdd,5,2504.0,500.8,2504.0,500.8,0.001955540204599659,0.6698998168396844,0.0,0.0
121,Device,Conv2DBackpropFilter,gradient_tape/model/resnet50/conv4_block1_3_conv/Conv2D/Conv2DBackpropFilter,5,2398.875,479.775,2398.875,479.775,0.0018734410975674949,0.6717732579372518,0.0,0.0
122,Device,Conv2DBackpropFilter,gradient_tape/model/resnet50/conv4_block6_3_conv/Conv2D/Conv2DBackpropFilter,5,2397.596,479.5192,2397.596,479.5192,0.0018724422413687397,0.6736457001786206,0.0,0.0
123,Device,AddN,AddN_15,5,2392.409,478.4818,2392.409,478.4818,0.0018683913679497068,0.6755140915465703,0.0,0.0
124,Device,Conv2DBackpropFilter,gradient_tape/model/resnet50/conv4_block4_3_conv/Conv2D/Conv2DBackpropFilter,5,2377.528,475.50559999999996,2377.528,475.50559999999996,0.0018567698049366684,0.6773708613515069,0.0,0.0
125,Device,Conv2DBackpropFilter,gradient_tape/model/resnet50/conv4_block2_3_conv/Conv2D/Conv2DBackpropFilter,5,2375.671,475.13419999999996,2375.671,475.13419999999996,0.0018553195500804617,0.6792261809015874,0.0,0.0
126,Device,Conv2DBackpropFilter,gradient_tape/model/resnet50/conv4_block3_3_conv/Conv2D/Conv2DBackpropFilter,5,2375.13,475.026,2375.13,475.026,0.0018548970471848195,0.6810810779487722,0.0,0.0
127,Device,Conv2DBackpropFilter,gradient_tape/model/resnet50/conv4_block1_1_conv/Conv2D/Conv2DBackpropFilter,5,2282.548,456.5096,2282.548,456.5096,0.0017825936034059672,0.6828636715521781,0.0,0.0
128,Device,Conv2DBackpropFilter,gradient_tape/model/resnet50/conv4_block3_1_conv/Conv2D/Conv2DBackpropFilter,5,2209.619,441.9238,2209.619,441.9238,0.0017256384949470025,0.6845893100471251,0.0,0.0
129,Device,Conv2DBackpropFilter,gradient_tape/model/resnet50/conv4_block2_1_conv/Conv2D/Conv2DBackpropFilter,5,2206.384,441.2768,2206.384,441.2768,0.0017231120682050375,0.6863124221153302,0.0,0.0
130,Device,Conv2DBackpropFilter,gradient_tape/model/resnet50/conv4_block4_1_conv/Conv2D/Conv2DBackpropFilter,5,2206.097,441.21940000000006,2206.097,441.21940000000006,0.0017228879308093827,0.6880353100461396,0.0,0.0
131,Device,Conv2DBackpropFilter,gradient_tape/model/resnet50/conv4_block5_1_conv/Conv2D/Conv2DBackpropFilter,5,2198.227,439.6454,2198.227,439.6454,0.0017167417241759162,0.6897520517703155,0.0,0.0
132,Device,Conv2DBackpropFilter,gradient_tape/model/resnet50/conv4_block6_1_conv/Conv2D/Conv2DBackpropFilter,5,2196.913,439.3826,2196.913,439.3826,0.0017157155341484228,0.6914677673044639,0.0,0.0
133,Device,_FusedBatchNormEx,model/resnet50/conv1_bn/FusedBatchNormV3,5,2176.367,435.27340000000004,2176.367,435.27340000000004,0.0016996697957124387,0.6931674371001764,0.0,0.0
134,Device,Transpose,model/resnet50/conv2_block1_0_conv/BiasAdd-0-0-TransposeNCHWToNHWC-LayoutOptimizer,5,2139.245,427.849,2139.245,427.849,0.0016706787559859415,0.6948381158561623,0.0,0.0
135,Device,Transpose,model/resnet50/conv2_block1_3_conv/BiasAdd-0-0-TransposeNCHWToNHWC-LayoutOptimizer,5,2134.957,426.9914,2134.957,426.9914,0.001667329971482218,0.6965054458276445,0.0,0.0
136,Device,Transpose,model/resnet50/conv1_conv/BiasAdd-0-0-TransposeNCHWToNHWC-LayoutOptimizer,5,2122.188,424.43760000000003,2122.188,424.43760000000003,0.0016573578097919095,0.6981628036374364,0.0,0.0
137,Device,Transpose,model/resnet50/conv2_block3_3_conv/BiasAdd-0-0-TransposeNCHWToNHWC-LayoutOptimizer,5,2119.723,423.9446,2119.723,423.9446,0.0016554327272821896,0.6998182363647186,0.0,0.0
138,Device,FusedBatchNormGradV3,gradient_tape/model/resnet50/conv4_block1_0_bn/FusedBatchNormGradV3,10,2113.643,211.36430000000001,2113.643,211.36430000000001,0.0016506844507470596,0.7014689208154656,0.0,0.0
139,Device,Transpose,model/resnet50/conv2_block2_3_conv/BiasAdd-0-0-TransposeNCHWToNHWC-LayoutOptimizer,5,2109.707,421.9414,2109.707,421.9414,0.001647610566463791,0.7031165313819294,0.0,0.0
140,Device,FusedBatchNormGradV3,gradient_tape/model/resnet50/conv4_block4_3_bn/FusedBatchNormGradV3,10,2107.662,210.76619999999997,2107.662,210.76619999999997,0.0016460134898989322,0.7047625448718283,0.0,0.0
141,Device,FusedBatchNormGradV3,gradient_tape/model/resnet50/conv4_block5_3_bn/FusedBatchNormGradV3,10,2106.604,210.66039999999998,2106.604,210.66039999999998,0.0016451872273044966,0.7064077320991328,0.0,0.0
142,Device,FusedBatchNormGradV3,gradient_tape/model/resnet50/conv4_block6_3_bn/FusedBatchNormGradV3,10,2105.931,210.5931,2105.931,210.5931,0.001644661636826184,0.708052393735959,0.0,0.0
143,Device,Transpose,gradient_tape/model/resnet50/conv1_relu/ReluGrad-0-0-TransposeNCHWToNHWC-LayoutOptimizer,5,2104.653,420.93059999999997,2104.653,420.93059999999997,0.001643663561593964,0.7096960572975529,0.0,0.0
144,Device,FusedBatchNormGradV3,gradient_tape/model/resnet50/conv4_block3_3_bn/FusedBatchNormGradV3,10,2102.667,210.2667,2102.667,210.2667,0.001642112562054693,0.7113381698596076,0.0,0.0
145,Device,Transpose,gradient_tape/model/resnet50/conv2_block2_3_conv/Conv2D/Conv2DBackpropFilter-2-TransposeNHWCToNCHW-LayoutOptimizer,5,2102.155,420.43100000000004,2102.155,420.43100000000004,0.0016417127071885768,0.7129798825667962,0.0,0.0
146,Device,Transpose,gradient_tape/model/resnet50/conv2_block1_0_conv/Conv2D/Conv2DBackpropFilter-2-TransposeNHWCToNCHW-LayoutOptimizer,5,2102.091,420.41819999999996,2102.091,420.41819999999996,0.0016416627253303122,0.7146215452921265,0.0,0.0
147,Device,FusedBatchNormGradV3,gradient_tape/model/resnet50/conv4_block2_3_bn/FusedBatchNormGradV3,10,2101.803,210.1803,2101.803,210.1803,0.0016414378069681218,0.7162629830990946,0.0,0.0
148,Device,Relu,model/resnet50/conv2_block1_out/Relu,5,2101.579,420.3158,2101.579,420.3158,0.001641262870464196,0.7179042459695588,0.0,0.0
149,Device,Relu,model/resnet50/conv2_block3_out/Relu,5,2100.075,420.015,2100.075,420.015,0.0016400882967949795,0.7195443342663538,0.0,0.0
150,Device,Transpose,gradient_tape/model/resnet50/conv2_block3_3_conv/Conv2D/Conv2DBackpropFilter-2-TransposeNHWCToNCHW-LayoutOptimizer,5,2093.996,418.79920000000004,2093.996,418.79920000000004,0.0016353408012263848,0.7211796750675802,0.0,0.0
151,Device,Transpose,gradient_tape/model/resnet50/conv2_block1_out/ReluGrad-0-0-TransposeNCHWToNHWC-LayoutOptimizer,5,2089.514,417.9028,2089.514,417.9028,0.0016318405092147971,0.722811515576795,0.0,0.0
152,Device,Transpose,gradient_tape/model/resnet50/conv2_block3_out/ReluGrad-0-1-TransposeNCHWToNHWC-LayoutOptimizer,5,2085.931,417.1862,2085.931,417.1862,0.0016290423061185188,0.7244405578829135,0.0,0.0
153,Device,Transpose,gradient_tape/model/resnet50/conv2_block2_out/ReluGrad-0-1-TransposeNCHWToNHWC-LayoutOptimizer,5,2084.714,416.9428,2084.714,416.9428,0.0016280918698449575,0.7260686497527584,0.0,0.0
154,Device,FusedBatchNormGradV3,gradient_tape/model/resnet50/conv2_block2_2_bn/FusedBatchNormGradV3,10,2084.011,208.40109999999999,2084.011,208.40109999999999,0.001627542850370583,0.727696192603129,0.0,0.0
155,Device,Relu,model/resnet50/conv2_block2_out/Relu,5,2083.594,416.7188,2083.594,416.7188,0.0016272171873253282,0.7293234097904543,0.0,0.0
156,Device,Transpose,gradient_tape/model/resnet50/conv2_block1_3_conv/Conv2D/Conv2DBackpropFilter-2-TransposeNHWCToNCHW-LayoutOptimizer,5,2078.027,415.60540000000003,2078.027,415.60540000000003,0.0016228695466228497,0.7309462793370771,0.0,0.0
157,Device,FusedBatchNormGradV3,gradient_tape/model/resnet50/conv4_block1_3_bn/FusedBatchNormGradV3,10,2076.461,207.6461,2076.461,207.6461,0.0016216465530284393,0.7325679258901056,0.0,0.0
158,Device,Transpose,AddN_14-1-TransposeNHWCToNCHW-LayoutOptimizer,5,2069.065,413.813,2069.065,413.813,0.001615870524532745,0.7341837964146383,0.0,0.0
159,Device,FusedBatchNormGradV3,gradient_tape/model/resnet50/conv2_block1_2_bn/FusedBatchNormGradV3,10,2068.713,206.87130000000002,2068.713,206.87130000000002,0.0016155956243122903,0.7357993920389505,0.0,0.0
160,Device,FusedBatchNormGradV3,gradient_tape/model/resnet50/conv2_block1_1_bn/FusedBatchNormGradV3,10,2068.234,206.8234,2068.234,206.8234,0.0016152215413418414,0.7374146135802924,0.0,0.0
161,Device,FusedBatchNormGradV3,gradient_tape/model/resnet50/conv2_block3_1_bn/FusedBatchNormGradV3,10,2065.288,206.5288,2065.288,206.5288,0.0016129208139286024,0.739027534394221,0.0,0.0
162,Device,Transpose,AddN_13-1-TransposeNHWCToNCHW-LayoutOptimizer,5,2064.649,412.9298,2064.649,412.9298,0.0016124217763124925,0.7406399561705335,0.0,0.0
163,Device,FusedBatchNormGradV3,gradient_tape/model/resnet50/conv2_block2_1_bn/FusedBatchNormGradV3,10,2064.072,206.40720000000002,2064.072,206.40720000000002,0.0016119711586215764,0.742251927329155,0.0,0.0
164,Device,Transpose,gradient_tape/model/resnet50/conv1_conv/BiasAdd/BiasAddGrad-0-TransposeNHWCToNCHW-LayoutOptimizer,5,2062.345,412.46899999999994,2062.345,412.46899999999994,0.0016106224294149694,0.74386254975857,0.0,0.0
165,Device,FusedBatchNormGradV3,gradient_tape/model/resnet50/conv2_block3_2_bn/FusedBatchNormGradV3,10,2055.21,205.52100000000002,2055.21,205.52100000000002,0.0016050502331850102,0.745467599991755,0.0,0.0
166,Device,Conv2D,model/resnet50/conv3_block3_1_conv/Conv2D,5,2028.296,405.6592,2028.296,405.6592,0.0015840312998517052,0.7470516312916068,0.0,0.0
167,Device,Conv2D,model/resnet50/conv4_block6_1_conv/Conv2D,5,2004.805,400.961,2004.805,400.961,0.0015656856149690174,0.7486173169065758,0.0,0.0
168,Device,ReluGrad,gradient_tape/model/resnet50/conv3_block4_out/ReluGrad,5,2003.397,400.6794,2003.397,400.6794,0.0015645860140871975,0.750181902920663,0.0,0.0
169,Device,Conv2D,model/resnet50/conv4_block2_1_conv/Conv2D,5,2001.06,400.212,2001.06,400.212,0.001562760895294007,0.7517446638159571,0.0,0.0
170,Device,ReluGrad,gradient_tape/model/resnet50/conv3_block3_out/ReluGrad,5,1988.804,397.7608,1988.804,397.7608,0.00155318936943635,0.7532978531853934,0.0,0.0
171,Device,Conv2D,model/resnet50/conv4_block4_1_conv/Conv2D,5,1985.253,397.0506,1985.253,397.0506,0.001550416157269204,0.7548482693426627,0.0,0.0
172,Device,Conv2D,model/resnet50/conv4_block3_1_conv/Conv2D,5,1985.125,397.025,1985.125,397.025,0.001550316193552675,0.7563985855362154,0.0,0.0
173,Device,Conv2D,model/resnet50/conv4_block5_1_conv/Conv2D,5,1982.214,396.4428,1982.214,396.4428,0.0015480427999681743,0.7579466283361835,0.0,0.0
174,Device,ReluGrad,gradient_tape/model/resnet50/conv3_block1_out/ReluGrad,5,1974.853,394.9706,1974.853,394.9706,0.0015422941053012183,0.7594889224414848,0.0,0.0
175,Device,ReluGrad,gradient_tape/model/resnet50/conv3_block2_out/ReluGrad,5,1973.988,394.7976,1973.988,394.7976,0.0015416185692481118,0.7610305410107329,0.0,0.0
176,Device,Conv2DBackpropFilter,gradient_tape/model/resnet50/conv5_block1_1_conv/Conv2D/Conv2DBackpropFilter,10,1954.34,195.434,1954.34,195.434,0.0015262741387609014,0.7625568151494938,0.0,0.0
177,Device,MaxPool,model/resnet50/pool1_pool/MaxPool,5,1942.563,388.5126,1942.563,388.5126,0.001517076695873693,0.7640738918453674,0.0,0.0
178,Device,Conv2D,model/resnet50/conv3_block1_1_conv/Conv2D,5,1850.56,370.11199999999997,1850.56,370.11199999999997,0.0014452254317188279,0.7655191172770863,0.0,0.0
179,Device,Conv2DBackpropInput,gradient_tape/model/resnet50/conv2_block3_1_conv/Conv2D/Conv2DBackpropInput,5,1824.286,364.85720000000003,1824.286,364.85720000000003,0.0014247063169681683,0.7669438235940544,0.0,0.0
180,Device,Conv2D,model/resnet50/conv2_block1_3_conv/Conv2D,5,1818.238,363.6476,1818.238,363.6476,0.0014199830313621706,0.7683638066254166,0.0,0.0
181,Device,Conv2DBackpropInput,gradient_tape/model/resnet50/conv2_block2_1_conv/Conv2D/Conv2DBackpropInput,5,1816.48,363.296,1816.48,363.296,0.0014186100921929666,0.7697824167176096,0.0,0.0
182,Device,Conv2D,model/resnet50/conv2_block3_3_conv/Conv2D,5,1808.733,361.7466,1808.733,361.7466,0.0014125599444433526,0.771194976662053,0.0,0.0
183,Device,Conv2D,model/resnet50/conv2_block1_0_conv/Conv2D,5,1803.933,360.7866,1803.933,360.7866,0.001408811305073513,0.7726037879671265,0.0,0.0
184,Device,Conv2D,model/resnet50/conv2_block2_3_conv/Conv2D,5,1792.028,358.4056,1792.028,358.4056,0.0013995138984697754,0.7740033018655963,0.0,0.0
185,Device,Conv2DBackpropInput,gradient_tape/model/resnet50/conv4_block4_1_conv/Conv2D/Conv2DBackpropInput,5,1733.496,346.6992,1733.496,346.6992,0.0013538023652207231,0.775357104230817,0.0,0.0
186,Device,Conv2DBackpropInput,gradient_tape/model/resnet50/conv4_block5_1_conv/Conv2D/Conv2DBackpropInput,5,1729.498,345.8996,1729.498,345.8996,0.0013506800610122607,0.7767077842918293,0.0,0.0
187,Device,Conv2DBackpropInput,gradient_tape/model/resnet50/conv4_block1_3_conv/Conv2D/Conv2DBackpropInput,5,1728.95,345.79,1728.95,345.79,0.0013502520913508708,0.7780580363831802,0.0,0.0
188,Device,Conv2DBackpropInput,gradient_tape/model/resnet50/conv4_block2_3_conv/Conv2D/Conv2DBackpropInput,5,1728.825,345.765,1728.825,345.765,0.0013501544705339479,0.7794081908537142,0.0,0.0
189,Device,Conv2DBackpropInput,gradient_tape/model/resnet50/conv4_block2_1_conv/Conv2D/Conv2DBackpropInput,5,1728.055,345.611,1728.055,345.611,0.001349553126301703,0.7807577439800159,0.0,0.0
190,Device,Conv2DBackpropInput,gradient_tape/model/resnet50/conv4_block3_3_conv/Conv2D/Conv2DBackpropInput,5,1727.576,345.5152,1727.576,345.5152,0.0013491790433312542,0.7821069230233471,0.0,0.0
191,Device,Conv2DBackpropInput,gradient_tape/model/resnet50/conv4_block5_3_conv/Conv2D/Conv2DBackpropInput,5,1727.448,345.4896,1727.448,345.4896,0.0013490790796147252,0.7834560021029617,0.0,0.0
192,Device,Conv2DBackpropInput,gradient_tape/model/resnet50/conv4_block6_3_conv/Conv2D/Conv2DBackpropInput,5,1724.887,344.9774,1724.887,344.9774,0.0013470790243176086,0.7848030811272794,0.0,0.0
193,Device,Conv2DBackpropInput,gradient_tape/model/resnet50/conv4_block6_1_conv/Conv2D/Conv2DBackpropInput,5,1722.808,344.5616,1722.808,344.5616,0.0013454553948905469,0.7861485365221699,0.0,0.0
194,Device,Conv2DBackpropInput,gradient_tape/model/resnet50/conv4_block3_1_conv/Conv2D/Conv2DBackpropInput,5,1722.264,344.45279999999997,1722.264,344.45279999999997,0.0013450305490952982,0.7874935670712652,0.0,0.0
195,Device,Transpose,model/tf.nn.bias_add/BiasAdd-0-TransposeNHWCToNCHW-LayoutOptimizer,5,1661.461,332.2922,1661.461,332.2922,0.0012975454408443905,0.7887911125121095,0.0,0.0
196,Device,Conv2DBackpropFilter,gradient_tape/model/resnet50/conv2_block2_1_conv/Conv2D/Conv2DBackpropFilter,5,1630.868,326.17359999999996,1630.868,326.17359999999996,0.0012736533316274107,0.790064765843737,0.0,0.0
197,Device,Conv2DBackpropFilter,gradient_tape/model/resnet50/conv2_block3_1_conv/Conv2D/Conv2DBackpropFilter,5,1629.459,325.8918,1629.459,325.8918,0.001272552949779056,0.791337318793516,0.0,0.0
198,Device,AddN,AddN_8,5,1612.019,322.4038,1612.019,322.4038,0.001258932893401972,0.7925962516869179,0.0,0.0
199,Device,FusedBatchNormV3,model/resnet50/conv3_block4_3_bn/FusedBatchNormV3,5,1590.707,318.14140000000003,1590.707,318.14140000000003,0.001242288934599884,0.7938385406215178,0.0,0.0
200,Device,AddV2,model/resnet50/conv3_block3_add/add,5,1589.81,317.962,1589.81,317.962,0.0012415884076176452,0.7950801290291355,0.0,0.0
201,Device,FusedBatchNormV3,model/resnet50/conv3_block2_3_bn/FusedBatchNormV3,5,1589.809,317.9618,1589.809,317.9618,0.0012415876266511099,0.7963217166557867,0.0,0.0
202,Device,Conv2DBackpropFilter,gradient_tape/model/resnet50/conv2_block2_3_conv/Conv2D/Conv2DBackpropFilter,5,1589.65,317.93,1589.65,317.93,0.001241463452971984,0.7975631801087586,0.0,0.0
203,Device,AddN,AddN_9,5,1588.498,317.69960000000003,1588.498,317.69960000000003,0.0012405637795232225,0.7988037438882818,0.0,0.0
204,Device,FusedBatchNormV3,model/resnet50/conv3_block1_3_bn/FusedBatchNormV3,5,1586.065,317.213,1586.065,317.213,0.001238663687942635,0.8000424075762245,0.0,0.0
205,Device,AddN,AddN_10,5,1584.049,316.8098,1584.049,316.8098,0.0012370892594073023,0.8012794968356318,0.0,0.0
206,Device,Conv2DBackpropFilter,gradient_tape/model/resnet50/conv2_block1_0_conv/Conv2D/Conv2DBackpropFilter,5,1583.569,316.7138,1583.569,316.7138,0.0012367143954703185,0.8025162112311022,0.0,0.0
207,Device,Conv2DBackpropFilter,gradient_tape/model/resnet50/conv2_block3_3_conv/Conv2D/Conv2DBackpropFilter,5,1583.344,316.66880000000003,1583.344,316.66880000000003,0.0012365386779998573,0.8037527499091021,0.0,0.0
208,Device,FusedBatchNormV3,model/resnet50/conv3_block1_0_bn/FusedBatchNormV3,5,1578.224,315.6448,1578.224,315.6448,0.001232540129338695,0.8049852900384408,0.0,0.0
209,Device,AddV2,model/resnet50/conv3_block4_add/add,5,1576.529,315.3058,1576.529,315.3058,0.0012312163910612203,0.806216506429502,0.0,0.0
210,Device,AddV2,model/resnet50/conv3_block2_add/add,5,1571.697,314.33939999999996,1571.697,314.33939999999996,0.0012274427607622484,0.8074439491902643,0.0,0.0
211,Device,AddV2,model/resnet50/conv3_block1_add/add,5,1571.407,314.28139999999996,1571.407,314.28139999999996,0.0012272162804669872,0.8086711654707313,0.0,0.0
212,Device,Conv2DBackpropFilter,gradient_tape/model/resnet50/conv2_block1_3_conv/Conv2D/Conv2DBackpropFilter,5,1571.31,314.262,1571.31,314.262,0.0012271405267130552,0.8098983059974443,0.0,0.0
213,Device,FusedBatchNormV3,model/resnet50/conv3_block3_3_bn/FusedBatchNormV3,5,1566.448,313.2896,1566.448,313.2896,0.0012233434674180218,0.8111216494648623,0.0,0.0
214,Device,AddN,AddN_11,5,1565.199,313.0398,1565.199,313.0398,0.0012223680402153282,0.8123440175050777,0.0,0.0
215,Device,Conv2D,model/resnet50/conv4_block5_3_conv/Conv2D,5,1553.805,310.761,1553.805,310.761,0.0012134697075111714,0.8135574872125888,0.0,0.0
216,Device,Conv2D,model/resnet50/conv2_block2_1_conv/Conv2D,5,1545.038,309.0076,1545.038,309.0076,0.0012066229738954665,0.8147641101864843,0.0,0.0
217,Device,Conv2D,model/resnet50/conv4_block3_3_conv/Conv2D,5,1542.319,308.4638,1542.319,308.4638,0.0012044995258857594,0.8159686097123701,0.0,0.0
218,Device,Conv2D,model/resnet50/conv4_block1_3_conv/Conv2D,5,1539.696,307.93919999999997,1539.696,307.93919999999997,0.0012024510506634491,0.8171710607630335,0.0,0.0
219,Device,Conv2D,model/resnet50/conv4_block4_3_conv/Conv2D,5,1534.479,306.8958,1534.479,306.8958,0.0011983767482483547,0.8183694375112819,0.0,0.0
220,Device,Conv2D,model/resnet50/conv4_block2_3_conv/Conv2D,5,1531.502,306.30039999999997,1531.502,306.30039999999997,0.0011960518108725187,0.8195654893221545,0.0,0.0
221,Device,Conv2D,model/resnet50/conv2_block3_1_conv/Conv2D,5,1523.855,304.771,1523.855,304.771,0.001190079759776443,0.8207555690819309,0.0,0.0
222,Device,Conv2DBackpropInput,gradient_tape/model/resnet50/conv2_block1_0_conv/Conv2D/Conv2DBackpropInput,5,1500.941,300.1882,1500.941,300.1882,0.0011721846925846712,0.8219277537745155,0.0,0.0
223,Device,Conv2DBackpropInput,gradient_tape/model/resnet50/conv2_block3_3_conv/Conv2D/Conv2DBackpropInput,5,1482.091,296.41819999999996,1482.091,296.41819999999996,0.0011574634733926969,0.8230852172479083,0.0,0.0
224,Device,Conv2DBackpropInput,gradient_tape/model/resnet50/conv2_block2_3_conv/Conv2D/Conv2DBackpropInput,5,1479.467,295.89340000000004,1479.467,295.89340000000004,0.0011554142172038515,0.8242406314651122,0.0,0.0
225,Device,Conv2DBackpropFilter,gradient_tape/model/resnet50/conv3_block3_1_conv/Conv2D/Conv2DBackpropFilter,5,1414.217,282.84340000000003,1414.217,282.84340000000003,0.0011044561507700943,0.8253450876158822,0.0,0.0
226,Device,Conv2DBackpropFilter,gradient_tape/model/resnet50/conv3_block2_1_conv/Conv2D/Conv2DBackpropFilter,5,1406.89,281.37800000000004,1406.89,281.37800000000004,0.0010987340089653411,0.8264438216248475,0.0,0.0
227,Device,Conv2DBackpropFilter,gradient_tape/model/resnet50/conv3_block4_1_conv/Conv2D/Conv2DBackpropFilter,5,1395.463,279.0926,1395.463,279.0926,0.0010898099043655167,0.827533631529213,0.0,0.0
228,Device,Conv2DBackpropFilter,gradient_tape/model/resnet50/conv3_block1_3_conv/Conv2D/Conv2DBackpropFilter,5,1389.832,277.9664,1389.832,277.9664,0.0010854122818047738,0.8286190438110178,0.0,0.0
229,Device,Conv2DBackpropFilter,gradient_tape/model/resnet50/conv3_block4_3_conv/Conv2D/Conv2DBackpropFilter,5,1389.096,277.8192,1389.096,277.8192,0.0010848374904347316,0.8297038813014526,0.0,0.0
230,Device,Conv2DBackpropFilter,gradient_tape/model/resnet50/conv3_block2_3_conv/Conv2D/Conv2DBackpropFilter,5,1377.988,275.5976,1377.988,275.5976,0.0010761625141596945,0.8307800438156122,0.0,0.0
231,Device,Conv2DBackpropFilter,gradient_tape/model/resnet50/conv3_block3_3_conv/Conv2D/Conv2DBackpropFilter,5,1375.27,275.054,1375.27,275.054,0.0010740398471165227,0.8318540836627287,0.0,0.0
232,Device,Conv2D,model/resnet50/conv3_block1_3_conv/Conv2D,5,1374.823,274.9646,1374.823,274.9646,0.0010736907550752065,0.832927774417804,0.0,0.0
233,Device,Conv2D,model/resnet50/conv3_block4_3_conv/Conv2D,5,1359.974,271.9948,1359.974,271.9948,0.0010620941829913005,0.8339898686007953,0.0,0.0
234,Device,Conv2D,model/resnet50/conv3_block3_3_conv/Conv2D,5,1359.206,271.84119999999996,1359.206,271.84119999999996,0.0010614944006921262,0.8350513630014874,0.0,0.0
235,Device,Conv2D,model/resnet50/conv3_block2_3_conv/Conv2D,5,1348.26,269.652,1348.26,269.652,0.0010529459409958212,0.8361043089424832,0.0,0.0
236,Device,Conv2DBackpropInput,gradient_tape/model/resnet50/conv3_block3_1_conv/Conv2D/Conv2DBackpropInput,5,1339.525,267.90500000000003,1339.525,267.90500000000003,0.0010461241983092486,0.8371504331407925,0.0,0.0
237,Device,Conv2DBackpropInput,gradient_tape/model/resnet50/conv3_block4_1_conv/Conv2D/Conv2DBackpropInput,5,1325.797,265.1594,1325.797,265.1594,0.0010354030897115072,0.838185836230504,0.0,0.0
238,Device,Conv2DBackpropInput,gradient_tape/model/resnet50/conv3_block2_1_conv/Conv2D/Conv2DBackpropInput,5,1322.883,264.5766,1322.883,264.5766,0.0010331273532274005,0.8392189635837314,0.0,0.0
239,Device,BiasAdd,model/resnet50/conv3_block2_3_conv/BiasAdd,5,1275.938,255.18760000000003,1275.938,255.18760000000003,0.0009964648792238338,0.8402154284629552,0.0,0.0
240,Device,BiasAdd,model/resnet50/conv3_block1_3_conv/BiasAdd,5,1273.473,254.69459999999998,1273.473,254.69459999999998,0.000994539796714114,0.8412099682596693,0.0,0.0
241,Device,BiasAdd,model/resnet50/conv3_block1_0_conv/BiasAdd,5,1269.313,253.86260000000001,1269.313,253.86260000000001,0.0009912909759269197,0.8422012592355962,0.0,0.0
242,Device,BiasAdd,model/resnet50/conv3_block3_3_conv/BiasAdd,5,1266.465,253.29299999999998,1266.465,253.29299999999998,0.0009890667832341481,0.8431903260188304,0.0,0.0
243,Device,ReverseV2,model/sequential/random_flip/map/while/body/_1/model/sequential/random_flip/map/while/flip_left_right/ReverseV2,20,1250.463,62.52315,1250.463,62.52315,0.0009765697567349454,0.8441668957755654,0.0,0.0
244,Device,FusedBatchNormGradV3,gradient_tape/model/resnet50/conv5_block3_3_bn/FusedBatchNormGradV3,10,1174.615,117.4615,1174.615,117.4615,0.0009173350069591967,0.8450842307825246,0.0,0.0
245,Device,BiasAddGrad,gradient_tape/model/resnet50/conv2_block1_0_conv/BiasAdd/BiasAddGrad,5,1169.019,233.8038,1169.019,233.8038,0.000912964718227192,0.8459971955007518,0.0,0.0
246,Device,BiasAddGrad,gradient_tape/model/resnet50/conv1_conv/BiasAdd/BiasAddGrad,5,1168.891,233.77820000000003,1168.891,233.77820000000003,0.000912864754510663,0.8469100602552625,0.0,0.0
247,Device,Conv2D,model/resnet50/conv3_block2_1_conv/Conv2D,5,1157.82,231.564,1157.82,231.564,0.0009042186739974349,0.84781427892926,0.0,0.0
248,Device,Conv2D,model/resnet50/conv3_block4_1_conv/Conv2D,5,1153.626,230.7252,1153.626,230.7252,0.0009009433003480376,0.848715222229608,0.0,0.0
249,Device,FusedBatchNormGradV3,gradient_tape/model/resnet50/conv5_block2_3_bn/FusedBatchNormGradV3,10,1148.09,114.809,1148.09,114.809,0.0008966198696081559,0.8496118420992163,0.0,0.0
250,Device,FusedBatchNormGradV3,gradient_tape/model/resnet50/conv5_block1_0_bn/FusedBatchNormGradV3,10,1147.9,114.79,1147.9,114.79,0.0008964714859664331,0.8505083135851826,0.0,0.0
251,Device,FusedBatchNormGradV3,gradient_tape/model/resnet50/conv3_block1_2_bn/FusedBatchNormGradV3,10,1144.25,114.425,1144.25,114.425,0.0008936209581122843,0.8514019345432949,0.0,0.0
252,Device,Transpose,gradient_tape/model/resnet50/conv3_block4_out/ReluGrad-0-1-TransposeNCHWToNHWC-LayoutOptimizer,5,1132.86,226.57199999999997,1132.86,226.57199999999997,0.000884725749274269,0.8522866602925692,0.0,0.0
253,Device,BiasAddGrad,gradient_tape/model/resnet50/conv2_block1_3_conv/BiasAdd/BiasAddGrad,5,1130.748,226.14960000000002,1130.748,226.14960000000002,0.0008830763479515397,0.8531697366405208,0.0,0.0
254,Device,BiasAddGrad,gradient_tape/model/resnet50/conv2_block2_3_conv/BiasAdd/BiasAddGrad,5,1130.458,226.09160000000003,1130.458,226.09160000000003,0.0008828498676562785,0.8540525865081771,0.0,0.0
255,Device,FusedBatchNormGradV3,gradient_tape/model/resnet50/conv5_block1_3_bn/FusedBatchNormGradV3,10,1130.328,113.0328,1130.328,113.0328,0.0008827483420066787,0.8549353348501837,0.0,0.0
256,Device,FusedBatchNormGradV3,gradient_tape/model/resnet50/conv3_block2_2_bn/FusedBatchNormGradV3,10,1128.154,112.8154,1128.154,112.8154,0.0008810505207587554,0.8558163853709424,0.0,0.0
257,Device,FusedBatchNormGradV3,gradient_tape/model/resnet50/conv3_block4_2_bn/FusedBatchNormGradV3,10,1124.794,112.47940000000001,1124.794,112.47940000000001,0.0008784264731998678,0.8566948118441423,0.0,0.0
258,Device,BiasAddGrad,gradient_tape/model/resnet50/conv2_block3_3_conv/BiasAdd/BiasAddGrad,5,1124.634,224.92680000000001,1124.634,224.92680000000001,0.0008783015185542065,0.8575731133626965,0.0,0.0
259,Device,FusedBatchNormGradV3,gradient_tape/model/resnet50/conv3_block3_2_bn/FusedBatchNormGradV3,10,1121.849,112.1849,1121.849,112.1849,0.0008761265267531641,0.8584492398894497,0.0,0.0
260,Device,FusedBatchNormGradV3,gradient_tape/model/resnet50/conv3_block3_1_bn/FusedBatchNormGradV3,10,1119.001,111.9001,1119.001,111.9001,0.0008739023340603926,0.85932314222351,0.0,0.0
261,Device,FusedBatchNormGradV3,gradient_tape/model/resnet50/conv3_block4_1_bn/FusedBatchNormGradV3,10,1114.267,111.42670000000001,1114.267,111.42670000000001,0.0008702052384818883,0.8601933474619919,0.0,0.0
262,Device,Transpose,model/resnet50/conv3_block4_3_conv/BiasAdd-0-0-TransposeNCHWToNHWC-LayoutOptimizer,5,1113.816,222.7632,1113.816,222.7632,0.0008698530225744305,0.8610632004845664,0.0,0.0
263,Device,Transpose,gradient_tape/model/resnet50/conv3_block3_3_conv/Conv2D/Conv2DBackpropFilter-2-TransposeNHWCToNCHW-LayoutOptimizer,5,1108.184,221.6368,1108.184,221.6368,0.000865454619047152,0.8619286551036136,0.0,0.0
264,Device,FusedBatchNormGradV3,gradient_tape/model/resnet50/conv3_block1_1_bn/FusedBatchNormGradV3,10,1107.129,110.71289999999999,1107.129,110.71289999999999,0.0008646306993523225,0.8627932858029659,0.0,0.0
265,Device,FusedBatchNormGradV3,gradient_tape/model/resnet50/conv3_block2_1_bn/FusedBatchNormGradV3,10,1106.874,110.6874,1106.874,110.6874,0.0008644315528857999,0.8636577173558517,0.0,0.0
266,Device,Transpose,gradient_tape/model/resnet50/conv3_block4_3_conv/Conv2D/Conv2DBackpropFilter-2-TransposeNHWCToNCHW-LayoutOptimizer,5,1104.664,220.9328,1104.664,220.9328,0.0008627056168426029,0.8645204229726944,0.0,0.0
267,Device,Transpose,AddN_10-1-TransposeNHWCToNCHW-LayoutOptimizer,5,1100.251,220.0502,1100.251,220.0502,0.0008592592115219567,0.8653796821842163,0.0,0.0
268,Device,Transpose,AddN_9-1-TransposeNHWCToNCHW-LayoutOptimizer,5,1099.642,219.9284,1099.642,219.9284,0.0008587836029019083,0.8662384657871183,0.0,0.0
269,Device,Conv2DBackpropInput,gradient_tape/model/resnet50/conv3_block1_3_conv/Conv2D/Conv2DBackpropInput,5,1099.641,219.9282,1099.641,219.9282,0.0008587828219353729,0.8670972486090537,0.0,0.0
270,Device,Relu,model/resnet50/conv3_block3_out/Relu,5,1098.552,219.7104,1098.552,219.7104,0.0008579323493783404,0.867955180958432,0.0,0.0
271,Device,Transpose,gradient_tape/model/resnet50/conv3_block1_0_conv/Conv2D/Conv2DBackpropFilter-2-TransposeNHWCToNCHW-LayoutOptimizer,5,1097.015,219.40300000000002,1097.015,219.40300000000002,0.0008567320038134565,0.8688119129622455,0.0,0.0
272,Device,Conv2DBackpropInput,gradient_tape/model/resnet50/conv3_block4_3_conv/Conv2D/Conv2DBackpropInput,5,1095.448,219.08960000000002,1095.448,219.08960000000002,0.0008555082292525109,0.869667421191498,0.0,0.0
273,Device,Conv2DBackpropInput,gradient_tape/model/resnet50/conv3_block2_3_conv/Conv2D/Conv2DBackpropInput,5,1094.713,218.9426,1094.713,218.9426,0.0008549342188490041,0.870522355410347,0.0,0.0
274,Device,Transpose,model/resnet50/conv3_block3_3_conv/BiasAdd-0-0-TransposeNCHWToNHWC-LayoutOptimizer,5,1092.408,218.4816,1092.408,218.4816,0.0008531340909849457,0.8713754895013319,0.0,0.0
275,Device,Transpose,AddN_11-1-TransposeNHWCToNCHW-LayoutOptimizer,5,1091.32,218.26399999999998,1091.32,218.26399999999998,0.0008522843993944487,0.8722277739007264,0.0,0.0
276,Device,Transpose,gradient_tape/model/resnet50/conv3_block3_out/ReluGrad-0-1-TransposeNCHWToNHWC-LayoutOptimizer,5,1089.175,217.83499999999998,1089.175,217.83499999999998,0.0008506092261760517,0.8730783831269024,0.0,0.0
277,Device,Transpose,gradient_tape/model/resnet50/conv3_block1_3_conv/Conv2D/Conv2DBackpropFilter-2-TransposeNHWCToNCHW-LayoutOptimizer,5,1086.904,217.3808,1086.904,217.3808,0.0008488356511741964,0.8739272187780767,0.0,0.0
278,Device,Transpose,gradient_tape/model/resnet50/conv3_block2_out/ReluGrad-0-1-TransposeNCHWToNHWC-LayoutOptimizer,5,1086.008,217.2016,1086.008,217.2016,0.000848135905158493,0.8747753546832352,0.0,0.0
279,Device,Transpose,model/resnet50/conv3_block2_3_conv/BiasAdd-0-0-TransposeNCHWToNHWC-LayoutOptimizer,5,1085.335,217.067,1085.335,217.067,0.0008476103146801801,0.8756229649979154,0.0,0.0
280,Device,Transpose,model/resnet50/conv3_block1_3_conv/BiasAdd-0-0-TransposeNCHWToNHWC-LayoutOptimizer,5,1085.111,217.02220000000003,1085.111,217.02220000000003,0.0008474353781762543,0.8764704003760916,0.0,0.0
281,Device,Transpose,gradient_tape/model/resnet50/conv3_block2_3_conv/Conv2D/Conv2DBackpropFilter-2-TransposeNHWCToNCHW-LayoutOptimizer,5,1084.855,216.971,1084.855,216.971,0.0008472354507431961,0.8773176358268348,0.0,0.0
282,Device,Conv2DBackpropInput,gradient_tape/model/resnet50/conv3_block3_3_conv/Conv2D/Conv2DBackpropInput,5,1083.734,216.74679999999998,1083.734,216.74679999999998,0.0008463599872570314,0.8781639958140918,0.0,0.0
283,Device,Transpose,model/resnet50/conv3_block1_0_conv/BiasAdd-0-0-TransposeNCHWToNHWC-LayoutOptimizer,5,1080.855,216.171,1080.855,216.171,0.0008441115846016631,0.8790081073986934,0.0,0.0
284,Device,Transpose,gradient_tape/model/resnet50/conv3_block1_out/ReluGrad-0-0-TransposeNCHWToNHWC-LayoutOptimizer,5,1068.919,213.7838,1068.919,213.7838,0.0008347899680353287,0.8798428973667287,0.0,0.0
285,Device,Relu,model/resnet50/conv3_block4_out/Relu,5,1065.781,213.15619999999998,1065.781,213.15619999999998,0.0008323392950472959,0.880675236661776,0.0,0.0
286,Device,Relu,model/resnet50/conv3_block1_out/Relu,5,1059.093,211.8186,1059.093,211.8186,0.0008271161908586529,0.8815023528526347,0.0,0.0
287,Device,Relu,model/resnet50/conv3_block2_out/Relu,5,1058.359,211.6718,1058.359,211.6718,0.0008265429614216814,0.8823288958140564,0.0,0.0
288,Device,ReluGrad,gradient_tape/model/resnet50/conv4_block4_out/ReluGrad,5,1024.662,204.9324,1024.662,204.9324,0.0008002267320788722,0.8831291225461353,0.0,0.0
289,Device,ReluGrad,gradient_tape/model/resnet50/conv4_block1_out/ReluGrad,5,1023.795,204.759,1023.795,204.759,0.0007995496340926948,0.883928672180228,0.0,0.0
290,Device,ReluGrad,gradient_tape/model/resnet50/conv4_block6_out/ReluGrad,5,1023.509,204.7018,1023.509,204.7018,0.0007993262776635752,0.8847279984578915,0.0,0.0
291,Device,ReluGrad,gradient_tape/model/resnet50/conv4_block5_out/ReluGrad,5,1023.252,204.6504,1023.252,204.6504,0.0007991255692639817,0.8855271240271555,0.0,0.0
292,Device,ReluGrad,gradient_tape/model/resnet50/conv2_block2_1_relu/ReluGrad,5,1021.461,204.2922,1021.461,204.2922,0.0007977268581991103,0.8863248508853546,0.0,0.0
293,Device,ReluGrad,gradient_tape/model/resnet50/conv4_block2_out/ReluGrad,5,1020.789,204.1578,1020.789,204.1578,0.0007972020486873328,0.887122052934042,0.0,0.0
294,Device,ReluGrad,gradient_tape/model/resnet50/conv2_block3_2_relu/ReluGrad,5,1020.373,204.0746,1020.373,204.0746,0.0007968771666086134,0.8879189301006506,0.0,0.0
295,Device,ReluGrad,gradient_tape/model/resnet50/conv2_block3_1_relu/ReluGrad,5,1020.084,204.0168,1020.084,204.0168,0.0007966514672798875,0.8887155815679305,0.0,0.0
296,Device,ReluGrad,gradient_tape/model/resnet50/conv4_block3_out/ReluGrad,5,1019.925,203.98499999999999,1019.925,203.98499999999999,0.0007965272936007616,0.8895121088615313,0.0,0.0
297,Device,ReluGrad,gradient_tape/model/resnet50/conv2_block2_2_relu/ReluGrad,5,1017.077,203.4154,1017.077,203.4154,0.0007943031009079902,0.8903064119624393,0.0,0.0
298,Device,ReluGrad,gradient_tape/model/resnet50/conv2_block1_1_relu/ReluGrad,5,1009.652,201.93040000000002,1009.652,201.93040000000002,0.0007885044243827696,0.891094916386822,0.0,0.0
299,Device,ReluGrad,gradient_tape/model/resnet50/conv2_block1_2_relu/ReluGrad,5,996.083,199.2166,996.083,199.2166,0.0007779074894641542,0.8918728238762862,0.0,0.0
300,Device,FusedBatchNormV3,model/resnet50/conv4_block5_3_bn/FusedBatchNormV3,5,929.297,185.8594,929.297,185.8594,0.0007257498584320485,0.8925985737347183,0.0,0.0
301,Device,FusedBatchNormV3,model/resnet50/conv4_block1_3_bn/FusedBatchNormV3,5,927.727,185.5454,927.727,185.5454,0.0007245237409714968,0.8933230974756898,0.0,0.0
302,Device,StridedSlice,model/tf.__operators__.getitem/strided_slice,5,920.942,184.1884,920.942,184.1884,0.0007192248830289214,0.8940423223587187,0.0,0.0
303,Device,FusedBatchNormV3,model/resnet50/conv4_block2_3_bn/FusedBatchNormV3,5,918.253,183.6506,918.253,183.6506,0.0007171248640152759,0.894759447222734,0.0,0.0
304,Device,FusedBatchNormV3,model/resnet50/conv4_block4_3_bn/FusedBatchNormV3,5,913.007,182.60139999999998,913.007,182.60139999999998,0.0007130279135706553,0.8954724751363047,0.0,0.0
305,Device,FusedBatchNormV3,model/resnet50/conv4_block6_3_bn/FusedBatchNormV3,5,908.815,181.763,908.815,181.763,0.0007097541018543287,0.896182229238159,0.0,0.0
306,Device,FusedBatchNormV3,model/resnet50/conv4_block1_0_bn/FusedBatchNormV3,5,906.126,181.2252,906.126,181.2252,0.0007076540828406832,0.8968898833209997,0.0,0.0
307,Device,FusedBatchNormV3,model/resnet50/conv4_block3_3_bn/FusedBatchNormV3,5,895.725,179.145,895.725,179.145,0.0006995312499061619,0.8975894145709059,0.0,0.0
308,Device,AddN,AddN_5,5,822.25,164.45,822.25,164.45,0.0006421497337188776,0.8982315643046248,0.0,0.0
309,Device,AddN,AddN_7,5,815.497,163.0994,815.497,163.0994,0.0006368758667054345,0.8988684401713303,0.0,0.0
310,Device,AddN,AddN_6,5,815.081,163.0162,815.081,163.0162,0.0006365509846267152,0.899504991155957,0.0,0.0
311,Device,AddN,AddN_2,5,811.497,162.2994,811.497,162.2994,0.0006337520005639015,0.9001387431565209,0.0,0.0
312,Device,AddV2,model/resnet50/conv4_block1_add/add,5,809.256,161.8512,809.256,161.8512,0.0006320018545581076,0.900770745011079,0.0,0.0
313,Device,AddN,AddN_3,5,807.53,161.506,807.53,161.506,0.0006306539063180361,0.901401398917397,0.0,0.0
314,Device,AddV2,model/resnet50/conv4_block3_add/add,5,801.672,160.33440000000002,801.672,160.33440000000002,0.0006260790043537611,0.9020274779217508,0.0,0.0
315,Device,AddV2,model/resnet50/conv4_block2_add/add,5,799.818,159.96359999999999,799.818,159.96359999999999,0.0006246310923971605,0.9026521090141479,0.0,0.0
316,Device,AddV2,model/resnet50/conv4_block5_add/add,5,798.92,159.784,798.92,159.784,0.0006239297844483864,0.9032760387985963,0.0,0.0
317,Device,AddV2,model/resnet50/conv4_block4_add/add,5,795.945,159.18900000000002,795.945,159.18900000000002,0.0006216064090056213,0.903897645207602,0.0,0.0
318,Device,AddV2,model/resnet50/conv4_block6_add/add,5,795.432,159.0864,795.432,159.0864,0.0006212057731729697,0.9045188509807749,0.0,0.0
319,Device,FusedBatchNormV3,model/resnet50/conv5_block1_3_bn/FusedBatchNormV3,5,794.376,158.8752,794.376,158.8752,0.0006203810725116049,0.9051392320532865,0.0,0.0
320,Device,FusedBatchNormV3,model/resnet50/conv5_block2_3_bn/FusedBatchNormV3,5,790.089,158.01780000000002,790.089,158.01780000000002,0.000617033068974417,0.9057562651222609,0.0,0.0
321,Device,FusedBatchNormV3,model/resnet50/conv5_block1_0_bn/FusedBatchNormV3,5,785.512,157.1024,785.512,157.1024,0.0006134585851419678,0.9063697237074029,0.0,0.0
322,Device,FusedBatchNormV3,model/resnet50/conv5_block3_3_bn/FusedBatchNormV3,5,780.455,156.091,780.455,156.091,0.0006095092373725348,0.9069792329447754,0.0,0.0
323,Device,TensorListFromTensor,model/sequential/random_flip/map/TensorArrayUnstack/TensorListFromTensor,20,755.27,37.7635,755.27,37.7635,0.0005898405951789075,0.9075690735399543,0.0,0.0
324,Device,Conv2DBackpropFilter,gradient_tape/model/resnet50/conv2_block1_1_conv/Conv2D/Conv2DBackpropFilter,5,751.271,150.2542,751.271,150.2542,0.0005867175100039098,0.9081557910499582,0.0,0.0
325,Device,BiasAddGrad,gradient_tape/model/resnet50/conv3_block3_3_conv/BiasAdd/BiasAddGrad,5,722.725,144.54500000000002,722.725,144.54500000000002,0.0005644240392848597,0.908720215089243,0.0,0.0
326,Device,BiasAddGrad,gradient_tape/model/resnet50/conv3_block2_3_conv/BiasAdd/BiasAddGrad,5,721.381,144.2762,721.381,144.2762,0.0005633744202613045,0.9092835895095044,0.0,0.0
327,Device,BiasAddGrad,gradient_tape/model/resnet50/conv3_block1_3_conv/BiasAdd/BiasAddGrad,5,719.364,143.8728,719.364,143.8728,0.0005617992107594366,0.9098453887202638,0.0,0.0
328,Device,BiasAddGrad,gradient_tape/model/resnet50/conv3_block1_0_conv/BiasAdd/BiasAddGrad,5,717.383,143.47660000000002,717.383,143.47660000000002,0.0005602521160528424,0.9104056408363166,0.0,0.0
329,Device,BiasAddGrad,gradient_tape/model/resnet50/conv3_block4_3_conv/BiasAdd/BiasAddGrad,5,715.301,143.0602,715.301,143.0602,0.0005586261437261744,0.9109642669800427,0.0,0.0
330,Device,BiasAdd,model/resnet50/conv2_block1_1_conv/BiasAdd,5,669.539,133.9078,669.539,133.9078,0.000522887553133966,0.9114871545331767,0.0,0.0
331,Device,BiasAdd,model/resnet50/conv2_block1_2_conv/BiasAdd,5,664.418,132.8836,664.418,132.8836,0.0005188882235062684,0.9120060427566831,0.0,0.0
332,Device,Conv2D,model/resnet50/conv2_block1_1_conv/Conv2D,5,663.553,132.7106,663.553,132.7106,0.000518212687453162,0.9125242554441362,0.0,0.0
333,Device,BiasAdd,model/resnet50/conv4_block2_3_conv/BiasAdd,5,663.043,132.6086,663.043,132.6086,0.0005178143945201165,0.9130420698386563,0.0,0.0
334,Device,BiasAdd,model/resnet50/conv4_block6_3_conv/BiasAdd,5,662.944,132.5888,662.944,132.5888,0.0005177370788331135,0.9135598069174894,0.0,0.0
335,Device,BiasAdd,model/resnet50/conv2_block2_2_conv/BiasAdd,5,662.435,132.487,662.435,132.487,0.0005173395668666035,0.914077146484356,0.0,0.0
336,Device,BiasAdd,model/resnet50/conv2_block2_1_conv/BiasAdd,5,662.242,132.4484,662.242,132.4484,0.0005171888403252744,0.9145943353246813,0.0,0.0
337,Device,BiasAdd,model/resnet50/conv4_block1_3_conv/BiasAdd,5,661.571,132.3142,661.571,132.3142,0.0005166648117800323,0.9151110001364613,0.0,0.0
338,Device,BiasAdd,model/resnet50/conv4_block5_3_conv/BiasAdd,5,660.865,132.173,660.865,132.173,0.0005161134494060518,0.9156271135858673,0.0,0.0
339,Device,BiasAdd,model/resnet50/conv4_block4_3_conv/BiasAdd,5,659.905,131.981,659.905,131.981,0.0005153637215320838,0.9161424773073994,0.0,0.0
340,Device,BiasAdd,model/resnet50/conv2_block3_1_conv/BiasAdd,5,659.843,131.96859999999998,659.843,131.96859999999998,0.0005153153016068901,0.9166577926090063,0.0,0.0
341,Device,BiasAdd,model/resnet50/conv2_block3_2_conv/BiasAdd,5,657.09,131.418,657.09,131.418,0.00051316530073498,0.9171709579097412,0.0,0.0
342,Device,FusedBatchNormGradV3,gradient_tape/model/resnet50/conv4_block2_1_bn/FusedBatchNormGradV3,10,655.971,65.5971,655.971,65.5971,0.0005122913991818861,0.9176832493089231,0.0,0.0
343,Device,BiasAdd,model/resnet50/conv4_block3_3_conv/BiasAdd,5,655.618,131.1236,655.618,131.1236,0.0005120157179948958,0.918195265026918,0.0,0.0
344,Device,FusedBatchNormGradV3,gradient_tape/model/resnet50/conv4_block5_1_bn/FusedBatchNormGradV3,10,648.002,64.80019999999999,648.002,64.80019999999999,0.0005060678768614169,0.9187013329037794,0.0,0.0
345,Device,BiasAdd,model/resnet50/conv4_block1_0_conv/BiasAdd,5,647.871,129.5742,647.871,129.5742,0.0005059655702452818,0.9192072984740247,0.0,0.0
346,Device,FusedBatchNormGradV3,gradient_tape/model/resnet50/conv4_block3_1_bn/FusedBatchNormGradV3,10,646.979,64.6979,646.979,64.6979,0.00050526894809572,0.9197125674221205,0.0,0.0
347,Device,FusedBatchNormGradV3,gradient_tape/model/resnet50/conv4_block1_2_bn/FusedBatchNormGradV3,10,646.624,64.6624,646.624,64.6624,0.0005049917049756589,0.9202175591270961,0.0,0.0
348,Device,FusedBatchNormGradV3,gradient_tape/model/resnet50/conv4_block2_2_bn/FusedBatchNormGradV3,10,646.303,64.6303,646.303,64.6303,0.0005047410147178008,0.9207223001418139,0.0,0.0
349,Device,FusedBatchNormGradV3,gradient_tape/model/resnet50/conv4_block6_1_bn/FusedBatchNormGradV3,10,644.611,64.4611,644.611,64.4611,0.0005034196193399324,0.9212257197611539,0.0,0.0
350,Device,Pad,model/resnet50/conv1_pad/Pad,5,644.545,128.909,644.545,128.909,0.0005033680755485971,0.9217290878367025,0.0,0.0
351,Device,FusedBatchNormGradV3,gradient_tape/model/resnet50/conv4_block6_2_bn/FusedBatchNormGradV3,10,644.03,64.40299999999999,644.03,64.40299999999999,0.0005029658777828747,0.9222320537144854,0.0,0.0
352,Device,TensorListStack,model/sequential/random_flip/map/TensorArrayV2Stack/TensorListStack,20,643.457,32.17285,643.457,32.17285,0.0005025183839581001,0.9227345720984435,0.0,0.0
353,Device,FusedBatchNormGradV3,gradient_tape/model/resnet50/conv4_block3_2_bn/FusedBatchNormGradV3,10,641.406,64.14059999999999,641.406,64.14059999999999,0.0005009166215940291,0.9232354887200375,0.0,0.0
354,Device,FusedBatchNormGradV3,gradient_tape/model/resnet50/conv4_block5_2_bn/FusedBatchNormGradV3,10,639.935,63.9935,639.935,63.9935,0.0004997678198204803,0.923735256539858,0.0,0.0
355,Device,FusedBatchNormGradV3,gradient_tape/model/resnet50/conv4_block1_1_bn/FusedBatchNormGradV3,10,638.654,63.8654,638.654,63.8654,0.0004987674016886543,0.9242340239415466,0.0,0.0
356,Device,FusedBatchNormGradV3,gradient_tape/model/resnet50/conv4_block4_2_bn/FusedBatchNormGradV3,10,637.118,63.711800000000004,637.118,63.711800000000004,0.0004975678370903058,0.924731591778637,0.0,0.0
357,Device,TensorListConcatV2,model/sequential/random_rotation/loop_body/transform/ImageProjectiveTransformV3/pfor/TensorListConcatV2,20,636.35,31.817500000000003,636.35,31.817500000000003,0.0004969680547911314,0.9252285598334281,0.0,0.0
358,Device,FusedBatchNormGradV3,gradient_tape/model/resnet50/conv4_block4_1_bn/FusedBatchNormGradV3,10,635.362,63.536199999999994,635.362,63.536199999999994,0.0004961964598541727,0.9257247562932823,0.0,0.0
359,Device,Transpose,AddN_5-1-TransposeNHWCToNCHW-LayoutOptimizer,5,634.014,126.8028,634.014,126.8028,0.0004951437169644762,0.9262199000102468,0.0,0.0
360,Device,Transpose,AddN_6-1-TransposeNHWCToNCHW-LayoutOptimizer,5,631.968,126.39359999999999,631.968,126.39359999999999,0.000493545859433082,0.9267134458696799,0.0,0.0
361,Device,Transpose,AddN_4-1-TransposeNHWCToNCHW-LayoutOptimizer,5,629.408,125.8816,629.408,125.8816,0.0004915465851025009,0.9272049924547824,0.0,0.0
362,Device,Transpose,AddN_3-1-TransposeNHWCToNCHW-LayoutOptimizer,5,628.897,125.77940000000001,628.897,125.77940000000001,0.0004911475112029201,0.9276961399659853,0.0,0.0
363,Device,Transpose,gradient_tape/model/resnet50/conv4_block2_3_conv/Conv2D/Conv2DBackpropFilter-2-TransposeNHWCToNCHW-LayoutOptimizer,5,625.697,125.1394,625.697,125.1394,0.0004886484182896936,0.928184788384275,0.0,0.0
364,Device,Transpose,gradient_tape/model/resnet50/conv4_block1_0_conv/Conv2D/Conv2DBackpropFilter-2-TransposeNHWCToNCHW-LayoutOptimizer,5,624.288,124.8576,624.288,124.8576,0.00048754803644133864,0.9286723364207163,0.0,0.0
365,Device,Transpose,gradient_tape/model/resnet50/conv4_block5_3_conv/Conv2D/Conv2DBackpropFilter-2-TransposeNHWCToNCHW-LayoutOptimizer,5,623.456,124.69120000000001,623.456,124.69120000000001,0.0004868982722838998,0.9291592346930002,0.0,0.0
366,Device,Transpose,gradient_tape/model/resnet50/conv4_block3_3_conv/Conv2D/Conv2DBackpropFilter-2-TransposeNHWCToNCHW-LayoutOptimizer,5,622.624,124.5248,622.624,124.5248,0.0004862485081264609,0.9296454832011267,0.0,0.0
367,Device,Transpose,gradient_tape/model/resnet50/conv4_block1_3_conv/Conv2D/Conv2DBackpropFilter-2-TransposeNHWCToNCHW-LayoutOptimizer,5,620.671,124.1342,620.671,124.1342,0.0004847232804828574,0.9301302064816096,0.0,0.0
368,Device,Transpose,AddN_7-1-TransposeNHWCToNCHW-LayoutOptimizer,5,620.288,124.05760000000001,620.288,124.05760000000001,0.0004844241702998056,0.9306146306519094,0.0,0.0
369,Device,Transpose,gradient_tape/model/resnet50/conv4_block4_3_conv/Conv2D/Conv2DBackpropFilter-2-TransposeNHWCToNCHW-LayoutOptimizer,5,620.258,124.05160000000001,620.258,124.05160000000001,0.00048440074130374415,0.9310990313932132,0.0,0.0
370,Device,Transpose,gradient_tape/model/resnet50/conv4_block6_3_conv/Conv2D/Conv2DBackpropFilter-2-TransposeNHWCToNCHW-LayoutOptimizer,5,619.999,123.99980000000001,619.999,123.99980000000001,0.00048419847097107987,0.9315832298641842,0.0,0.0
371,Device,Conv2DBackpropInput,gradient_tape/model/resnet50/conv2_block1_1_conv/Conv2D/Conv2DBackpropInput,5,616.35,123.27000000000001,616.35,123.27000000000001,0.0004813487240834664,0.9320645785882676,0.0,0.0
372,Device,_FusedBatchNormEx,model/resnet50/conv2_block2_1_bn/FusedBatchNormV3,5,597.758,119.55160000000001,597.758,119.55160000000001,0.00046682899425762103,0.9325314075825253,0.0,0.0
373,Device,_FusedBatchNormEx,model/resnet50/conv2_block1_2_bn/FusedBatchNormV3,5,592.478,118.4956,592.478,118.4956,0.00046270549095079737,0.9329941130734761,0.0,0.0
374,Device,_FusedBatchNormEx,model/resnet50/conv2_block2_2_bn/FusedBatchNormV3,5,591.262,118.2524,591.262,118.2524,0.00046175583564377136,0.9334558689091199,0.0,0.0
375,Device,_FusedBatchNormEx,model/resnet50/conv2_block1_1_bn/FusedBatchNormV3,5,589.918,117.9836,589.918,117.9836,0.0004607062166202163,0.9339165751257401,0.0,0.0
376,Device,_FusedBatchNormEx,model/resnet50/conv2_block3_2_bn/FusedBatchNormV3,5,587.741,117.5482,587.741,117.5482,0.000459006052472687,0.9343755811782128,0.0,0.0
377,Device,_FusedBatchNormEx,model/resnet50/conv2_block3_1_bn/FusedBatchNormV3,5,584.061,116.8122,584.061,116.8122,0.0004561320956224766,0.9348317132738353,0.0,0.0
378,Device,Transpose,model/resnet50/conv4_block1_3_conv/BiasAdd-0-0-TransposeNCHWToNHWC-LayoutOptimizer,5,582.108,116.42159999999998,582.108,116.42159999999998,0.00045460686797887305,0.9352863201418141,0.0,0.0
379,Device,Transpose,model/resnet50/conv4_block2_3_conv/BiasAdd-0-0-TransposeNCHWToNHWC-LayoutOptimizer,5,580.99,116.19800000000001,580.99,116.19800000000001,0.00045373374739231465,0.9357400538892064,0.0,0.0
380,Device,Transpose,model/resnet50/conv4_block6_3_conv/BiasAdd-0-0-TransposeNCHWToNHWC-LayoutOptimizer,5,579.87,115.974,579.87,115.974,0.0004528590648726854,0.9361929129540791,0.0,0.0
381,Device,Transpose,gradient_tape/model/resnet50/conv4_block6_out/ReluGrad-0-1-TransposeNCHWToNHWC-LayoutOptimizer,5,577.31,115.46199999999999,577.31,115.46199999999999,0.00045085979054210423,0.9366437727446213,0.0,0.0
382,Device,Transpose,model/resnet50/conv4_block4_3_conv/BiasAdd-0-0-TransposeNCHWToNHWC-LayoutOptimizer,5,576.509,115.3018,576.509,115.3018,0.00045023423634726233,0.9370940069809686,0.0,0.0
383,Device,Transpose,model/resnet50/conv4_block1_0_conv/BiasAdd-0-0-TransposeNCHWToNHWC-LayoutOptimizer,5,575.452,115.0904,575.452,115.0904,0.0004494087547193622,0.9375434157356879,0.0,0.0
384,Device,Transpose,gradient_tape/model/resnet50/conv4_block3_out/ReluGrad-0-1-TransposeNCHWToNHWC-LayoutOptimizer,5,574.781,114.9562,574.781,114.9562,0.00044888472617412,0.937992300461862,0.0,0.0
385,Device,Transpose,model/resnet50/conv4_block5_3_conv/BiasAdd-0-0-TransposeNCHWToNHWC-LayoutOptimizer,5,574.27,114.854,574.27,114.854,0.00044848565227453916,0.9384407861141365,0.0,0.0
386,Device,Transpose,gradient_tape/model/resnet50/conv4_block2_out/ReluGrad-0-1-TransposeNCHWToNHWC-LayoutOptimizer,5,573.886,114.7772,573.886,114.7772,0.000448185761124952,0.9388889718752614,0.0,0.0
387,Device,Transpose,model/resnet50/conv4_block3_3_conv/BiasAdd-0-0-TransposeNCHWToNHWC-LayoutOptimizer,5,573.566,114.7132,573.566,114.7132,0.0004479358518336294,0.9393369077270951,0.0,0.0
388,Device,Transpose,gradient_tape/model/resnet50/conv4_block5_out/ReluGrad-0-1-TransposeNCHWToNHWC-LayoutOptimizer,5,569.213,113.84259999999999,569.213,113.84259999999999,0.00044453630450510607,0.9397814440316002,0.0,0.0
389,Device,Transpose,gradient_tape/model/resnet50/conv4_block1_out/ReluGrad-0-0-TransposeNCHWToNHWC-LayoutOptimizer,5,568.51,113.702,568.51,113.702,0.00044398728503073167,0.9402254313166309,0.0,0.0
390,Device,Transpose,gradient_tape/model/resnet50/conv4_block4_out/ReluGrad-0-1-TransposeNCHWToNHWC-LayoutOptimizer,5,565.949,113.18979999999999,565.949,113.18979999999999,0.00044198722973361513,0.9406674185463646,0.0,0.0
391,Device,Transpose,model/resnet50/conv2_block2_1_conv/BiasAdd-0-0-TransposeNCHWToNHWC-LayoutOptimizer,5,565.756,113.15119999999999,565.756,113.15119999999999,0.0004418365031922862,0.9411092550495569,0.0,0.0
392,Device,Transpose,model/resnet50/conv2_block1_2_conv/BiasAdd-0-0-TransposeNCHWToNHWC-LayoutOptimizer,5,562.109,112.4218,562.109,112.4218,0.0004389883182377435,0.9415482433677946,0.0,0.0
393,Device,Transpose,model/resnet50/conv2_block2_2_conv/BiasAdd-0-0-TransposeNCHWToNHWC-LayoutOptimizer,5,559.55,111.91,559.55,111.91,0.0004369898248736977,0.9419852331926684,0.0,0.0
394,Device,Transpose,model/resnet50/conv2_block3_2_conv/BiasAdd-0-0-TransposeNCHWToNHWC-LayoutOptimizer,5,556.955,111.391,556.955,111.391,0.00043496321671437823,0.9424201964093827,0.0,0.0
395,Device,Transpose,model/resnet50/conv2_block1_1_conv/BiasAdd-0-0-TransposeNCHWToNHWC-LayoutOptimizer,5,555.23,111.046,555.23,111.046,0.0004336160494408421,0.9428538124588235,0.0,0.0
396,Device,Transpose,gradient_tape/model/resnet50/conv2_block1_1_conv/Conv2D/Conv2DBackpropFilter-2-TransposeNHWCToNCHW-LayoutOptimizer,5,554.556,110.91120000000001,554.556,110.91120000000001,0.0004330896779959938,0.9432869021368195,0.0,0.0
397,Device,Transpose,gradient_tape/model/resnet50/conv2_block3_1_conv/Conv2D/Conv2DBackpropFilter-2-TransposeNHWCToNCHW-LayoutOptimizer,5,554.525,110.905,554.525,110.905,0.0004330654680333969,0.9437199676048529,0.0,0.0
398,Device,Transpose,model/resnet50/conv2_block3_1_conv/BiasAdd-0-0-TransposeNCHWToNHWC-LayoutOptimizer,5,554.267,110.85340000000001,554.267,110.85340000000001,0.00043286397866726807,0.9441528315835201,0.0,0.0
399,Device,Transpose,gradient_tape/model/resnet50/conv2_block2_1_relu/ReluGrad-0-0-TransposeNCHWToNHWC-LayoutOptimizer,5,552.765,110.553,552.765,110.553,0.0004316909669311224,0.9445845225504512,0.0,0.0
400,Device,Transpose,gradient_tape/model/resnet50/conv2_block1_2_conv/Conv2D/Conv2DBackpropFilter-2-TransposeNHWCToNCHW-LayoutOptimizer,5,552.156,110.43119999999999,552.156,110.43119999999999,0.00043121535831107394,0.9450157379087623,0.0,0.0
401,Device,Transpose,gradient_tape/model/resnet50/conv2_block2_2_conv/Conv2D/Conv2DBackpropFilter-2-TransposeNHWCToNCHW-LayoutOptimizer,5,550.013,110.0026,550.013,110.0026,0.0004295417470257477,0.945445279655788,0.0,0.0
402,Device,Transpose,gradient_tape/model/resnet50/conv2_block2_1_conv/Conv2D/Conv2DBackpropFilter-2-TransposeNHWCToNCHW-LayoutOptimizer,5,549.469,109.89380000000001,549.469,109.89380000000001,0.00042911690123049925,0.9458743965570184,0.0,0.0
403,Device,Transpose,gradient_tape/model/resnet50/conv2_block3_2_relu/ReluGrad-0-0-TransposeNCHWToNHWC-LayoutOptimizer,5,549.435,109.88699999999999,549.435,109.88699999999999,0.00042909034836829615,0.9463034869053867,0.0,0.0
404,Device,Transpose,gradient_tape/model/resnet50/conv2_block2_2_relu/ReluGrad-0-0-TransposeNCHWToNHWC-LayoutOptimizer,5,549.37,109.874,549.37,109.874,0.00042903958554349627,0.9467325264909302,0.0,0.0
405,Device,Transpose,gradient_tape/model/resnet50/conv2_block3_1_relu/ReluGrad-0-0-TransposeNCHWToNHWC-LayoutOptimizer,5,549.213,109.84259999999999,549.213,109.84259999999999,0.00042891697379744106,0.9471614434647276,0.0,0.0
406,Device,Transpose,gradient_tape/model/resnet50/conv2_block1_2_relu/ReluGrad-0-0-TransposeNCHWToNHWC-LayoutOptimizer,5,547.419,109.4838,547.419,109.4838,0.00042751591983296354,0.9475889593845606,0.0,0.0
407,Device,Transpose,gradient_tape/model/resnet50/conv2_block1_1_relu/ReluGrad-0-0-TransposeNCHWToNHWC-LayoutOptimizer,5,546.492,109.29839999999999,546.492,109.29839999999999,0.0004267919638546632,0.9480157513484152,0.0,0.0
408,Device,Transpose,gradient_tape/model/resnet50/conv2_block3_2_conv/Conv2D/Conv2DBackpropFilter-2-TransposeNHWCToNCHW-LayoutOptimizer,5,545.02,109.00399999999999,545.02,109.00399999999999,0.00042564238111457913,0.9484413937295297,0.0,0.0
409,Device,Relu,model/resnet50/conv4_block1_out/Relu,5,544.574,108.91479999999999,544.574,108.91479999999999,0.0004252940700397982,0.9488666877995695,0.0,0.0
410,Device,Relu,model/resnet50/conv4_block5_out/Relu,5,540.541,108.10820000000001,540.541,108.10820000000001,0.0004221444320025976,0.9492888322315721,0.0,0.0
411,Device,Relu,model/resnet50/conv4_block2_out/Relu,5,538.649,107.7298,538.649,107.7298,0.00042066684331765246,0.9497094990748898,0.0,0.0
412,Device,Relu,model/resnet50/conv4_block3_out/Relu,5,537.597,107.51939999999999,537.597,107.51939999999999,0.00041984526652242925,0.9501293443414122,0.0,0.0
413,Device,Relu,model/resnet50/conv4_block4_out/Relu,5,536.347,107.26939999999999,536.347,107.26939999999999,0.0004188690583532002,0.9505482133997654,0.0,0.0
414,Device,Relu,model/resnet50/conv4_block6_out/Relu,5,535.994,107.1988,535.994,107.1988,0.0004185933771662099,0.9509668067769316,0.0,0.0
415,Device,ReluGrad,gradient_tape/model/resnet50/conv3_block1_2_relu/ReluGrad,5,531.74,106.348,531.74,106.348,0.00041527114552468956,0.9513820779224562,0.0,0.0
416,Device,ReluGrad,gradient_tape/model/resnet50/conv3_block1_1_relu/ReluGrad,5,527.418,105.4836,527.418,105.4836,0.0004118958081587632,0.951793973730615,0.0,0.0
417,Device,ReluGrad,gradient_tape/model/resnet50/conv5_block1_out/ReluGrad,5,527.132,105.42639999999999,527.132,105.42639999999999,0.0004116724517296435,0.9522056461823447,0.0,0.0
418,Device,ReluGrad,gradient_tape/model/resnet50/conv5_block3_out/ReluGrad,5,524.729,104.9458,524.729,104.9458,0.00040979578914511765,0.9526154419714898,0.0,0.0
419,Device,ReluGrad,gradient_tape/model/resnet50/conv3_block4_2_relu/ReluGrad,5,520.699,104.1398,520.699,104.1398,0.00040664849400752305,0.9530220904654974,0.0,0.0
420,Device,ReluGrad,gradient_tape/model/resnet50/conv3_block4_1_relu/ReluGrad,5,520.346,104.0692,520.346,104.0692,0.0004063728128205328,0.9534284632783179,0.0,0.0
421,Device,ReluGrad,gradient_tape/model/resnet50/conv3_block2_1_relu/ReluGrad,5,520.251,104.05019999999999,520.251,104.05019999999999,0.00040629862099967137,0.9538347618993176,0.0,0.0
422,Device,ReluGrad,gradient_tape/model/resnet50/conv5_block2_out/ReluGrad,5,520.09,104.018,520.09,104.018,0.0004061728853874747,0.9542409347847051,0.0,0.0
423,Device,ReluGrad,gradient_tape/model/resnet50/conv3_block3_1_relu/ReluGrad,5,519.993,103.99860000000001,519.993,103.99860000000001,0.00040609713163354257,0.9546470319163386,0.0,0.0
424,Device,BiasAdd,model/tf.nn.bias_add/BiasAdd,5,519.449,103.8898,519.449,103.8898,0.000405672285838294,0.9550527042021769,0.0,0.0
425,Device,ReluGrad,gradient_tape/model/resnet50/conv3_block2_2_relu/ReluGrad,5,518.489,103.6978,518.489,103.6978,0.00040492255796432616,0.9554576267601412,0.0,0.0
426,Device,ReluGrad,gradient_tape/model/resnet50/conv3_block3_2_relu/ReluGrad,5,515.706,103.1412,515.706,103.1412,0.00040274912809635453,0.9558603758882376,0.0,0.0
427,Device,FusedBatchNormGradV3,gradient_tape/model/resnet50/conv5_block3_2_bn/FusedBatchNormGradV3,10,470.169,47.0169,470.169,47.0169,0.00036718625497460743,0.9562275621432121,0.0,0.0
428,Device,FusedBatchNormGradV3,gradient_tape/model/resnet50/conv5_block1_2_bn/FusedBatchNormGradV3,10,469.237,46.923700000000004,469.237,46.923700000000004,0.0003664583941636303,0.9565940205373757,0.0,0.0
429,Device,FusedBatchNormGradV3,gradient_tape/model/resnet50/conv5_block3_1_bn/FusedBatchNormGradV3,10,468.82,46.882,468.82,46.882,0.00036613273111837545,0.9569601532684942,0.0,0.0
430,Device,FusedBatchNormGradV3,gradient_tape/model/resnet50/conv5_block2_2_bn/FusedBatchNormGradV3,10,468.632,46.8632,468.632,46.8632,0.0003659859094097234,0.9573261391779039,0.0,0.0
431,Device,FusedBatchNormGradV3,gradient_tape/model/resnet50/conv5_block2_1_bn/FusedBatchNormGradV3,10,467.577,46.7577,467.577,46.7577,0.00036516198971489405,0.9576913011676188,0.0,0.0
432,Device,FusedBatchNormGradV3,gradient_tape/model/resnet50/conv5_block1_1_bn/FusedBatchNormGradV3,10,464.536,46.4536,464.536,46.4536,0.0003627870704807936,0.9580540882380996,0.0,0.0
433,Device,AddN,AddN,5,433.078,86.6156,433.078,86.6156,0.0003382194252107073,0.9583923076633103,0.0,0.0
434,Device,AddN,AddN_1,5,427.093,85.4186,427.093,85.4186,0.0003335453404964386,0.9587258530038067,0.0,0.0
435,Device,AddV2,model/resnet50/conv5_block2_add/add,5,418.581,83.7162,418.581,83.7162,0.00032689775334725636,0.959052750757154,0.0,0.0
436,Device,AddV2,model/resnet50/conv5_block1_add/add,5,417.814,83.56280000000001,417.814,83.56280000000001,0.0003262987520146174,0.9593790495091686,0.0,0.0
437,Device,BiasAddGrad,gradient_tape/model/resnet50/conv4_block5_3_conv/BiasAdd/BiasAddGrad,5,413.876,82.7752,413.876,82.7752,0.0003232233057982781,0.9597022728149669,0.0,0.0
438,Device,BiasAddGrad,gradient_tape/model/resnet50/conv4_block4_3_conv/BiasAdd/BiasAddGrad,5,412.248,82.4496,412.248,82.4496,0.0003219518922786742,0.9600242247072456,0.0,0.0
439,Device,BiasAddGrad,gradient_tape/model/resnet50/conv4_block6_3_conv/BiasAdd/BiasAddGrad,5,410.549,82.10979999999999,410.549,82.10979999999999,0.000320625030135058,0.9603448497373807,0.0,0.0
440,Device,Mean,model/global_average_pooling2d/Mean,5,409.972,81.9944,409.972,81.9944,0.00032017441244414194,0.9606650241498248,0.0,0.0
441,Device,BiasAddGrad,gradient_tape/model/resnet50/conv4_block1_0_conv/BiasAdd/BiasAddGrad,5,409.333,81.8666,409.333,81.8666,0.00031967537482803206,0.9609846995246528,0.0,0.0
442,Device,BiasAddGrad,gradient_tape/model/resnet50/conv4_block2_3_conv/BiasAdd/BiasAddGrad,5,409.302,81.8604,409.302,81.8604,0.00031965116486543517,0.9613043506895182,0.0,0.0
443,Device,BiasAddGrad,gradient_tape/model/resnet50/conv4_block3_3_conv/BiasAdd/BiasAddGrad,5,407.766,81.5532,407.766,81.5532,0.0003184516002670865,0.9616228022897854,0.0,0.0
444,Device,AddV2,model/resnet50/conv5_block3_add/add,5,407.127,81.4254,407.127,81.4254,0.00031795256265097657,0.9619407548524364,0.0,0.0
445,Device,Transpose,gradient_tape/model/resnet50/conv5_block2_3_conv/Conv2D/Conv2DBackpropFilter-2-TransposeNHWCToNCHW-LayoutOptimizer,5,406.486,81.2972,406.486,81.2972,0.0003174519631017959,0.9622582068155382,0.0,0.0
446,Device,Transpose,gradient_tape/model/resnet50/conv5_block1_0_conv/Conv2D/Conv2DBackpropFilter-2-TransposeNHWCToNCHW-LayoutOptimizer,5,406.132,81.2264,406.132,81.2264,0.0003171755009482703,0.9625753823164864,0.0,0.0
447,Device,BiasAddGrad,gradient_tape/model/resnet50/conv4_block1_3_conv/BiasAdd/BiasAddGrad,5,405.624,81.12480000000001,405.624,81.12480000000001,0.0003167787699482956,0.9628921610864347,0.0,0.0
448,Device,Transpose,gradient_tape/model/resnet50/conv5_block1_3_conv/Conv2D/Conv2DBackpropFilter-2-TransposeNHWCToNCHW-LayoutOptimizer,5,403.157,80.6314,403.157,80.6314,0.00031485212550550504,0.9632070132119402,0.0,0.0
449,Device,Transpose,gradient_tape/model/resnet50/conv5_block3_3_conv/Conv2D/Conv2DBackpropFilter-2-TransposeNHWCToNCHW-LayoutOptimizer,5,402.486,80.49719999999999,402.486,80.49719999999999,0.0003143280969602629,0.9635213413089005,0.0,0.0
450,Device,Transpose,AddN-1-TransposeNHWCToNCHW-LayoutOptimizer,5,393.908,78.7816,393.908,78.7816,0.00030762896601974543,0.9638289702749203,0.0,0.0
451,Device,BiasAddGrad,gradient_tape/model/resnet50/conv2_block1_1_conv/BiasAdd/BiasAddGrad,5,393.845,78.769,393.845,78.769,0.0003075797651280163,0.9641365500400483,0.0,0.0
452,Device,BiasAddGrad,gradient_tape/model/resnet50/conv2_block1_2_conv/BiasAdd/BiasAddGrad,5,392.756,78.5512,392.756,78.5512,0.0003067292925709839,0.9644432793326193,0.0,0.0
453,Device,Transpose,AddN_1-1-TransposeNHWCToNCHW-LayoutOptimizer,5,392.404,78.4808,392.404,78.4808,0.00030645439235052897,0.9647497337249699,0.0,0.0
454,Device,BiasAddGrad,gradient_tape/model/resnet50/conv2_block3_1_conv/BiasAdd/BiasAddGrad,5,388.724,77.7448,388.724,77.7448,0.0003035804355003186,0.9650533141604701,0.0,0.0
455,Device,BiasAddGrad,gradient_tape/model/resnet50/conv2_block2_1_conv/BiasAdd/BiasAddGrad,5,387.444,77.4888,387.444,77.4888,0.00030258079833502807,0.9653558949588051,0.0,0.0
456,Device,Transpose,gradient_tape/model/resnet50/conv5_block3_out/ReluGrad-0-TransposeNHWCToNCHW-LayoutOptimizer,5,387.188,77.4376,387.188,77.4376,0.00030238087090196994,0.9656582758297071,0.0,0.0
457,Device,BiasAddGrad,gradient_tape/model/resnet50/conv2_block2_2_conv/BiasAdd/BiasAddGrad,5,377.812,75.5624,377.812,75.5624,0.0002950585286662166,0.9659533343583733,0.0,0.0
458,Device,BiasAddGrad,gradient_tape/model/resnet50/conv2_block3_2_conv/BiasAdd/BiasAddGrad,5,371.06,74.212,371.06,74.212,0.0002897854426193089,0.9662431198009925,0.0,0.0
459,Device,RealDiv,gradient_tape/model/global_average_pooling2d/truediv,5,356.595,71.319,356.595,71.319,0.00027848876168499017,0.9665216085626775,0.0,0.0
460,Device,BiasAdd,model/resnet50/conv3_block1_1_conv/BiasAdd,5,356.53,71.306,356.53,71.306,0.00027843799886019023,0.9668000465615377,0.0,0.0
461,Device,BiasAddGrad,gradient_tape/model/resnet50/conv5_block2_3_conv/BiasAdd/BiasAddGrad,5,348.017,69.6034,348.017,69.6034,0.00027178963074447264,0.9670718361922822,0.0,0.0
462,Device,BiasAdd,model/resnet50/conv5_block1_0_conv/BiasAdd,5,347.058,69.41159999999999,347.058,69.41159999999999,0.0002710406838370401,0.9673428768761192,0.0,0.0
463,Device,BiasAddGrad,gradient_tape/model/resnet50/conv5_block1_0_conv/BiasAdd/BiasAddGrad,5,345.393,69.0786,345.393,69.0786,0.000269740374555627,0.9676126172506748,0.0,0.0
464,Device,BiasAddGrad,gradient_tape/model/resnet50/conv5_block3_3_conv/BiasAdd/BiasAddGrad,5,345.295,69.059,345.295,69.059,0.00026966383983515943,0.96788228109051,0.0,0.0
465,Device,BiasAddGrad,gradient_tape/model/resnet50/conv5_block1_3_conv/BiasAdd/BiasAddGrad,5,344.209,68.8418,344.209,68.8418,0.00026881571017773324,0.9681510968006878,0.0,0.0
466,Device,Transpose,model/resnet50/conv5_block1_0_conv/BiasAdd-0-0-TransposeNCHWToNHWC-LayoutOptimizer,5,338.897,67.7794,338.897,67.7794,0.0002646672159417774,0.9684157640166295,0.0,0.0
467,Device,Transpose,model/resnet50/conv5_block3_out/Relu-0-0-TransposeNCHWToNHWC-LayoutOptimizer,5,334.931,66.9862,334.931,66.9862,0.0002615699026624474,0.968677333919292,0.0,0.0
468,Device,Transpose,model/resnet50/conv5_block1_3_conv/BiasAdd-0-0-TransposeNCHWToNHWC-LayoutOptimizer,5,334.321,66.86420000000001,334.321,66.86420000000001,0.0002610935130758637,0.9689384274323679,0.0,0.0
469,Device,Transpose,model/resnet50/conv5_block3_3_conv/BiasAdd-0-0-TransposeNCHWToNHWC-LayoutOptimizer,5,334.096,66.8192,334.096,66.8192,0.0002609177956054024,0.9691993452279734,0.0,0.0
470,Device,Transpose,gradient_tape/model/resnet50/conv5_block2_out/ReluGrad-0-1-TransposeNCHWToNHWC-LayoutOptimizer,5,334.066,66.8132,334.066,66.8132,0.0002608943666093409,0.9694602395945827,0.0,0.0
471,Device,Transpose,gradient_tape/model/resnet50/conv5_block1_out/ReluGrad-0-0-TransposeNCHWToNHWC-LayoutOptimizer,5,332.752,66.5504,332.752,66.5504,0.00025986817658184736,0.9697201077711646,0.0,0.0
472,Device,Transpose,model/resnet50/conv5_block2_3_conv/BiasAdd-0-0-TransposeNCHWToNHWC-LayoutOptimizer,5,332.624,66.5248,332.624,66.5248,0.0002597682128653183,0.9699798759840299,0.0,0.0
473,Device,BiasAdd,model/resnet50/conv5_block3_3_conv/BiasAdd,5,332.369,66.47380000000001,332.369,66.47380000000001,0.00025956906639879555,0.9702394450504287,0.0,0.0
474,Device,BiasAdd,model/resnet50/conv5_block2_3_conv/BiasAdd,5,330.482,66.0964,330.482,66.0964,0.0002580953825465274,0.9704975404329752,0.0,0.0
475,Device,Transpose,gradient_tape/model/resnet50/conv5_block3_out/ReluGrad-0-1-TransposeNCHWToNHWC-LayoutOptimizer,5,330.131,66.02619999999999,330.131,66.02619999999999,0.0002578212632926078,0.9707553616962679,0.0,0.0
476,Device,BiasAdd,model/resnet50/conv5_block1_3_conv/BiasAdd,5,330.065,66.013,330.065,66.013,0.00025776971950127256,0.9710131314157692,0.0,0.0
477,Device,_FusedBatchNormEx,model/resnet50/conv3_block1_1_bn/FusedBatchNormV3,5,323.251,64.6502,323.251,64.6502,0.0002524482135291711,0.9712655796292984,0.0,0.0
478,Device,_FusedBatchNormEx,model/resnet50/conv3_block4_1_bn/FusedBatchNormV3,5,320.623,64.1246,320.623,64.1246,0.00025039583347418387,0.9715159754627726,0.0,0.0
479,Device,_FusedBatchNormEx,model/resnet50/conv3_block2_2_bn/FusedBatchNormV3,5,319.986,63.9972,319.986,63.9972,0.0002498983577911448,0.9717658738205637,0.0,0.0
480,Device,_FusedBatchNormEx,model/resnet50/conv3_block2_1_bn/FusedBatchNormV3,5,318.448,63.6896,318.448,63.6896,0.0002486972312597253,0.9720145710518234,0.0,0.0
481,Device,_FusedBatchNormEx,model/resnet50/conv3_block1_2_bn/FusedBatchNormV3,5,317.199,63.439800000000005,317.199,63.439800000000005,0.00024772180405703163,0.9722622928558805,0.0,0.0
482,Device,_FusedBatchNormEx,model/resnet50/conv3_block4_2_bn/FusedBatchNormV3,5,317.01,63.402,317.01,63.402,0.0002475742013818442,0.9725098670572624,0.0,0.0
483,Device,BiasAdd,model/resnet50/conv3_block4_1_conv/BiasAdd,5,316.209,63.2418,316.209,63.2418,0.0002469486471870022,0.9727568157044494,0.0,0.0
484,Device,_FusedBatchNormEx,model/resnet50/conv3_block3_2_bn/FusedBatchNormV3,5,315.345,63.069,315.345,63.069,0.0002462738921004311,0.9730030895965498,0.0,0.0
485,Device,BiasAdd,model/resnet50/conv3_block2_1_conv/BiasAdd,5,314.768,62.953599999999994,314.768,62.953599999999994,0.00024582327440951496,0.9732489128709593,0.0,0.0
486,Device,_FusedBatchNormEx,model/resnet50/conv3_block3_1_bn/FusedBatchNormV3,5,314.288,62.857600000000005,314.288,62.857600000000005,0.000245448410472531,0.9734943612814319,0.0,0.0
487,Device,BiasAdd,model/resnet50/conv3_block3_1_conv/BiasAdd,5,314.0,62.8,314.0,62.8,0.00024522349211034063,0.9737395847735422,0.0,0.0
488,Device,BiasAdd,model/resnet50/conv3_block3_2_conv/BiasAdd,5,309.2,61.839999999999996,309.2,61.839999999999996,0.000241474852740501,0.9739810596262827,0.0,0.0
489,Device,BiasAdd,model/resnet50/conv3_block4_2_conv/BiasAdd,5,309.168,61.833600000000004,309.168,61.833600000000004,0.00024144986181136877,0.9742225094880941,0.0,0.0
490,Device,BiasAdd,model/resnet50/conv3_block2_2_conv/BiasAdd,5,309.039,61.8078,309.039,61.8078,0.0002413491171283043,0.9744638586052223,0.0,0.0
491,Device,BiasAdd,model/resnet50/conv3_block1_2_conv/BiasAdd,5,306.031,61.2062,306.031,61.2062,0.0002389999697898715,0.9747028585750122,0.0,0.0
492,Device,Transpose,gradient_tape/model/resnet50/conv3_block4_2_conv/Conv2D/Conv2DBackpropFilter-2-TransposeNHWCToNCHW-LayoutOptimizer,5,296.623,59.3246,296.623,59.3246,0.00023165263662498588,0.9749345112116371,0.0,0.0
493,Device,Transpose,gradient_tape/model/resnet50/conv3_block3_1_conv/Conv2D/Conv2DBackpropFilter-2-TransposeNHWCToNCHW-LayoutOptimizer,5,296.047,59.2094,296.047,59.2094,0.00023120279990060516,0.9751657140115377,0.0,0.0
494,Device,Transpose,model/resnet50/conv3_block1_1_conv/BiasAdd-0-0-TransposeNCHWToNHWC-LayoutOptimizer,5,294.543,58.9086,294.543,58.9086,0.00023002822623138873,0.9753957422377691,0.0,0.0
495,Device,Transpose,gradient_tape/model/resnet50/conv3_block4_1_conv/Conv2D/Conv2DBackpropFilter-2-TransposeNHWCToNCHW-LayoutOptimizer,5,294.351,58.8702,294.351,58.8702,0.00022987828065659514,0.9756256205184257,0.0,0.0
496,Device,Transpose,gradient_tape/model/resnet50/conv3_block3_2_conv/Conv2D/Conv2DBackpropFilter-2-TransposeNHWCToNCHW-LayoutOptimizer,5,294.094,58.818799999999996,294.094,58.818799999999996,0.00022967757225700162,0.9758552980906827,0.0,0.0
497,Device,Transpose,gradient_tape/model/resnet50/conv3_block2_1_conv/Conv2D/Conv2DBackpropFilter-2-TransposeNHWCToNCHW-LayoutOptimizer,5,292.943,58.5886,292.943,58.5886,0.00022877867977477552,0.9760840767704575,0.0,0.0
498,Device,Transpose,gradient_tape/model/resnet50/conv3_block1_1_conv/Conv2D/Conv2DBackpropFilter-2-TransposeNHWCToNCHW-LayoutOptimizer,5,292.815,58.563,292.815,58.563,0.00022867871605824645,0.9763127554865157,0.0,0.0
499,Device,Transpose,gradient_tape/model/resnet50/conv3_block1_2_relu/ReluGrad-0-0-TransposeNCHWToNHWC-LayoutOptimizer,5,292.079,58.415800000000004,292.079,58.415800000000004,0.0002281039246882044,0.9765408594112039,0.0,0.0
500,Device,Transpose,gradient_tape/model/resnet50/conv3_block2_2_conv/Conv2D/Conv2DBackpropFilter-2-TransposeNHWCToNCHW-LayoutOptimizer,5,291.023,58.204600000000006,291.023,58.204600000000006,0.00022727922402683969,0.9767681386352308,0.0,0.0
501,Host,IDLE,IDLE,0,6283517.131,0.0,6283517.131,0.0,0.0,0.0,0.9955574735800898,0.9955574735800898
502,Host,_Send,model/sequential/random_rotation/loop_body/stateful_uniform/Bitcast_1/pfor/while/body/_108/model/sequential/random_rotation/loop_body/stateful_uniform/Bitcast_1/pfor/while/TensorArrayV2Write/TensorListSetItem/_53,25,9614.763,384.59052,9614.763,384.59052,0.0,0.0,0.0015233584888512857,0.9970808320689412
503,Host,_Send,model/sequential/random_rotation/loop_body/stateful_uniform/Bitcast/pfor/while/body/_73/model/sequential/random_rotation/loop_body/stateful_uniform/Bitcast/pfor/while/TensorArrayV2Write/TensorListSetItem/_55,25,9036.491,361.45964,9036.491,361.45964,0.0,0.0,0.0014317373474809771,0.9985125694164222
504,Host,_Send,model/sequential/random_rotation/loop_body/stateful_uniform/Bitcast_1/pfor/TensorListConcatV2/_35,5,1037.044,207.4088,1037.044,207.4088,0.0,0.0,0.00016430875942675786,0.9986768781758489
505,Host,_Recv,Func/model/sequential/random_rotation/loop_body/stateful_uniform/Bitcast_1/pfor/while/body/_108/input/_326/_44,25,956.754,38.270160000000004,956.754,38.270160000000004,0.0,0.0,0.00015158764991320356,0.9988284658257621
506,Host,_Send,model/sequential/random_rotation/loop_body/stateful_uniform/Bitcast/pfor/TensorListConcatV2/_37,5,858.443,171.6886,858.443,171.6886,0.0,0.0,0.0001360113017081091,0.9989644771274703
507,Host,_Recv,Func/model/sequential/random_rotation/loop_body/stateful_uniform/Bitcast/pfor/while/body/_73/input/_304/_48,25,808.327,32.33308,808.327,32.33308,0.0,0.0,0.0001280709464411856,0.9990925480739115
508,Host,_Recv,Func/model/sequential/random_rotation/loop_body/stateful_uniform/Bitcast/pfor/while/body/_73/input/_303/_50,25,787.274,31.49096,787.274,31.49096,0.0,0.0,0.00012473531910790802,0.9992172833930194
509,Host,_Recv,model/sequential/random_rotation/loop_body/stateful_uniform/Bitcast_1/pfor/while/body/_108/model/sequential/random_rotation/loop_body/stateful_uniform/Bitcast_1/pfor/while/ExpandDims/_46,25,785.16,31.406399999999998,785.16,31.406399999999998,0.0,0.0,0.0001244003779507072,0.9993416837709701
510,Host,_HostRecv,model/sequential/random_rotation/loop_body/stateful_uniform/Bitcast/pfor/while/LoopCond/_86/_70,25,732.134,29.28536,732.134,29.28536,0.0,0.0,0.00011599896366417427,0.9994576827346343
511,Host,_Recv,model/sequential/random_rotation/loop_body/stateful_uniform/Bitcast/pfor/while/body/_73/model/sequential/random_rotation/loop_body/stateful_uniform/Bitcast/pfor/while/ExpandDims/_52,25,649.762,25.990479999999998,649.762,25.990479999999998,0.0,0.0,0.0001029479830582396,0.9995606307176925
512,Host,_HostRecv,model/sequential/random_rotation/loop_body/stateful_uniform/Bitcast_1/pfor/while/LoopCond/_121/_68,25,631.775,25.271,631.775,25.271,0.0,0.0,0.00010009813131057114,0.9996607288490031
513,Host,_Recv,Func/model/sequential/random_rotation/loop_body/stateful_uniform/Bitcast_1/pfor/while/body/_108/input/_327/_42,25,585.409,23.41636,585.409,23.41636,0.0,0.0,9.275192426479386e-05,0.999753480773268
514,Host,TensorListConcatV2,model/sequential/random_rotation/loop_body/stateful_uniform/Bitcast_1/pfor/TensorListConcatV2,5,379.283,75.8566,379.283,75.8566,0.0,0.0,6.009341860293199e-05,0.9998135741918709
515,Host,TensorListConcatV2,model/sequential/random_rotation/loop_body/stateful_uniform/Bitcast/pfor/TensorListConcatV2,5,289.005,57.801,289.005,57.801,0.0,0.0,4.57898151072955e-05,0.9998593640069782
516,Host,_Recv,model/sequential/random_rotation/loop_body/stateful_uniform/Bitcast/pfor/while/exit/_97/_32,5,267.022,53.404399999999995,267.022,53.404399999999995,0.0,0.0,4.230683901517364e-05,0.9999016708459934
517,Host,_Recv,model/sequential/random_rotation/loop_body/stateful_uniform/Bitcast_1/pfor/while/exit/_132/_30,5,260.622,52.1244,260.622,52.1244,0.0,0.0,4.129282605108413e-05,0.9999429636720444
518,Host,TensorListSetItem,model/sequential/random_rotation/loop_body/stateful_uniform/Bitcast_1/pfor/while/body/_108/model/sequential/random_rotation/loop_body/stateful_uniform/Bitcast_1/pfor/while/TensorArrayV2Write/TensorListSetItem,20,180.649,9.03245,180.649,9.03245,0.0,0.0,2.86219418671574e-05,0.9999715856139115
519,Host,TensorListSetItem,model/sequential/random_rotation/loop_body/stateful_uniform/Bitcast/pfor/while/body/_73/model/sequential/random_rotation/loop_body/stateful_uniform/Bitcast/pfor/while/TensorArrayV2Write/TensorListSetItem,20,179.339,8.96695,179.339,8.96695,0.0,0.0,2.8414386088570327e-05,1.0
